556829.419922 7133475.000000 441.877441 1801.317017
556854.419922 7133474.989990 441.217987 1801.333008
556879.419922 7133474.989990 439.830811 1801.349976
556904.419922 7133474.989990 437.583649 1801.349976
556929.419922 7133474.989990 434.760254 1801.350952
556954.419922 7133474.989990 431.803284 1801.366943
556979.419922 7133474.989990 429.077026 1801.366943
557004.419922 7133474.989990 426.766907 1801.389038
557354.419922 7134399.979980 429.032684 1801.390015
557354.419922 7134424.979980 429.392639 1801.405029
557354.419922 7134349.979980 428.415955 1801.433960
557354.419922 7134449.979980 429.810547 1801.447998
557354.419922 7134374.979980 428.710907 1801.462036
557304.419922 7134374.979980 427.913605 1801.464966
557304.419922 7134399.979980 428.260834 1801.473022
557354.419922 7134324.979980 428.096893 1801.505981
557304.419922 7134424.979980 428.570862 1801.511963
557354.419922 7134299.979980 427.692749 1801.526978
557354.419922 7134474.979980 430.291382 1801.529053
557304.419922 7134349.979980 427.528839 1801.568970
557354.419922 7134274.979980 427.197723 1801.577026
557404.419922 7134374.979980 430.569763 1801.583008
557404.419922 7134349.979980 430.272583 1801.593994
557304.419922 7134449.979980 428.868042 1801.605957
557404.419922 7134324.979980 429.955261 1801.609985
557404.419922 7134299.979980 429.505402 1801.633057
557404.419922 7134399.979980 430.979523 1801.640015
557304.419922 7134324.979980 427.137238 1801.645020
557304.419922 7133974.989990 422.899933 1801.646973
557404.419922 7134274.979980 428.885254 1801.657959
557404.419922 7134424.979980 431.538544 1801.667969
557404.419922 7134449.979980 432.222992 1801.677002
557354.419922 7134249.979980 426.569061 1801.687012
557404.419922 7134474.979980 433.073517 1801.737061
557254.419922 7134024.989990 422.949493 1801.754028
557354.419922 7134499.979980 431.029175 1801.776978
557254.419922 7133999.989990 422.958191 1801.782959
557254.419922 7134049.989990 422.937103 1801.785034
557304.419922 7134299.979980 426.697235 1801.791992
557304.419922 7134474.979980 429.191589 1801.807983
557254.419922 7134074.989990 422.929504 1801.822998
557304.419922 7133999.989990 422.933533 1801.824951
557404.419922 7134499.979980 434.075592 1801.834961
557254.419922 7134099.979980 422.954224 1801.843018
557354.419922 7134224.979980 425.835266 1801.845947
557204.419922 7134074.989990 422.886658 1801.848022
557404.419922 7134249.979980 428.025848 1801.848022
557304.419922 7134249.979980 425.656616 1801.848999
557304.419922 7134274.979980 426.211365 1801.850952
557204.419922 7134099.990234 422.888153 1801.850952
557304.419922 7134224.979980 425.062805 1801.878052
557254.419922 7134324.979980 426.568146 1801.885986
557254.419922 7134274.979980 425.593323 1801.890991
557304.419922 7134024.989990 423.004333 1801.891968
557204.419922 7134049.989990 422.899384 1801.894043
557254.419922 7134299.979980 426.080688 1801.907959
557354.419922 7133974.989990 422.983521 1801.916016
557254.419922 7134349.979980 427.036621 1801.921021
557254.419922 7134374.979980 427.504761 1801.935059
557304.419922 7134049.979980 423.068878 1801.937012
557254.419922 7134249.979980 425.080872 1801.938965
557254.419922 7134124.979980 423.062317 1801.951050
557204.419922 7134124.990234 422.946686 1801.954956
557254.419922 7134399.979980 427.946777 1801.959961
557204.419922 7134024.989990 422.912537 1801.959961
557254.419922 7134224.979980 424.563538 1801.961060
557354.419922 7134524.979980 432.021454 1801.964966
557204.419922 7134149.979980 423.086761 1801.967041
557304.419922 7134074.979980 423.126617 1801.969971
557254.419922 7134149.979980 423.288452 1801.972046
557204.419922 7133999.989990 422.916168 1801.973999
557254.419922 7134199.979980 424.075287 1801.978027
557454.419922 7134324.979980 432.250214 1801.978027
557354.419922 7134199.979980 425.089203 1801.978027
557404.419922 7134524.979980 435.231506 1801.980957
557304.419922 7134199.979980 424.466766 1801.984009
557204.419922 7134174.979980 423.314880 1801.984985
557204.419922 7134199.979980 423.647583 1802.001953
557204.419922 7134224.979980 424.050018 1802.008057
557454.419922 7134349.979980 432.790802 1802.008057
557254.419922 7134424.979980 428.336121 1802.009033
557304.419922 7134099.979980 423.169647 1802.009033
557254.419922 7134174.979980 423.632172 1802.015015
557204.419922 7133974.989990 422.927521 1802.040039
557354.419922 7133999.979980 423.116638 1802.043945
557304.419922 7134499.979980 429.637756 1802.052002
557204.419922 7134249.979980 424.517273 1802.062988
557404.419922 7134224.979980 427.042328 1802.067993
557454.419922 7134299.979980 431.541443 1802.072021
557154.419922 7134124.990234 422.815704 1802.074951
557154.419922 7134099.990234 422.837402 1802.074951
557204.419922 7134274.979980 425.015259 1802.078003
557304.419922 7134124.979980 423.266174 1802.084961
557154.419922 7134149.990234 422.850830 1802.093018
557154.419922 7134074.989990 422.877563 1802.098022
557454.419922 7134374.979980 433.273010 1802.098999
557204.419922 7134299.979980 425.527161 1802.114990
557204.419922 7134324.979980 426.050354 1802.119019
557204.419922 7134349.979980 426.555542 1802.121948
557204.419922 7134374.979980 427.073120 1802.130981
557304.419922 7134149.979980 423.504639 1802.134033
557154.419922 7134174.990234 422.968079 1802.144043
557304.419922 7134174.979980 423.911896 1802.146973
557354.419922 7134024.979980 423.316803 1802.152954
557354.419922 7134174.979980 424.469025 1802.156006
557454.419922 7134274.979980 430.626190 1802.157959
557254.419922 7134449.979980 428.678802 1802.161011
557154.419922 7134199.979980 423.185852 1802.171997
557154.419922 7134049.989990 422.915619 1802.182007
557404.419922 7134199.979980 426.206665 1802.182983
557354.419922 7134049.979980 423.520996 1802.183960
557154.419922 7133974.989990 422.935120 1802.185059
557454.419922 7134399.979980 433.822174 1802.188965
557454.419922 7134474.979980 436.561676 1802.192993
557154.419922 7134224.979980 423.478638 1802.193970
557504.419922 7133974.979980 429.442169 1802.196045
557404.419922 7133999.979980 424.080841 1802.199951
557354.419922 7134074.979980 423.711975 1802.203003
557454.419922 7134249.979980 429.595673 1802.212036
557154.419922 7134024.989990 422.930298 1802.214966
557354.419922 7134149.979980 424.102600 1802.217041
557454.419922 7134449.979980 435.490417 1802.224976
557404.419922 7133974.979980 423.801331 1802.229004
557404.419922 7134024.979980 424.389496 1802.232056
557154.419922 7133999.989990 422.932922 1802.240967
557154.419922 7134324.979980 425.291626 1802.243042
557154.419922 7134349.979980 425.853729 1802.253052
557354.419922 7134099.979980 423.837036 1802.260010
557154.419922 7134249.979980 423.852173 1802.264038
557204.419922 7134399.979980 427.581268 1802.265015
557354.419922 7134124.979980 423.932343 1802.270020
557404.419922 7134049.979980 424.688385 1802.274048
557154.419922 7134299.979980 424.758881 1802.276978
557104.419922 7133974.989990 423.630798 1802.296021
557454.419922 7134424.979980 434.550873 1802.296997
557404.419922 7134174.979980 425.660919 1802.296997
557454.419922 7134224.979980 428.695801 1802.297974
557154.419922 7134274.979980 424.284332 1802.298950
557404.419922 7134074.979980 424.970917 1802.302002
557154.419922 7134374.979980 426.461456 1802.303955
557454.419922 7134499.979980 437.673035 1802.310059
557454.419922 7134199.979980 428.129486 1802.311035
557004.419922 7133974.989990 427.152649 1802.312988
557454.419922 7133999.979980 426.279602 1802.312988
557104.419922 7134124.990234 423.040558 1802.314941
557504.419922 7133999.979980 429.576721 1802.316040
557454.419922 7133974.979980 425.967377 1802.317017
557104.419922 7134099.990234 423.180481 1802.317017
557454.419922 7134049.979980 426.904755 1802.317993
557104.419922 7134149.990234 422.973785 1802.322021
557504.419922 7134299.979980 432.653931 1802.323975
557504.419922 7134274.979980 431.815796 1802.327026
557454.419922 7134024.979980 426.609070 1802.328979
557404.419922 7134149.979980 425.419830 1802.331055
556954.419922 7134024.989990 428.740875 1802.333008
557454.419922 7134174.979980 427.860107 1802.333984
557454.419922 7134074.979980 427.183441 1802.336060
557254.419922 7134474.979980 428.992035 1802.338013
557404.419922 7134099.979980 425.179047 1802.338013
557354.419922 7134549.979980 433.355591 1802.338989
557104.419922 7133999.989990 423.596619 1802.339966
557504.419922 7134324.979980 433.572510 1802.339966
556954.419922 7133999.989990 429.084412 1802.345947
556954.419922 7134174.990234 428.386047 1802.345947
557054.419922 7134124.990234 424.248932 1802.350952
557104.419922 7134174.990234 422.963226 1802.353027
557554.419922 7133974.979980 433.791504 1802.357056
556954.419922 7134049.989990 428.537903 1802.359009
557004.419922 7133999.989990 427.014130 1802.359985
557304.419922 7134524.979980 430.367584 1802.364014
557404.419922 7134549.979980 436.559052 1802.364990
557104.419922 7134074.989990 423.326843 1802.364990
557004.419922 7134174.990234 426.129761 1802.365967
557504.419922 7134249.979980 431.165802 1802.368042
557404.419922 7134124.979980 425.308380 1802.369995
556954.419922 7134149.990234 428.536682 1802.369995
557004.419922 7134024.989990 426.856934 1802.371948
557104.419922 7134199.990234 423.016937 1802.371948
557054.419922 7133999.989990 425.150513 1802.373047
557054.419922 7134149.990234 424.106445 1802.375977
556954.419922 7133974.989990 429.587494 1802.376953
557104.419922 7134049.989990 423.446442 1802.378052
557004.419922 7134149.990234 426.271271 1802.379028
557504.419922 7134024.979980 429.699951 1802.379028
556954.419922 7134199.990234 428.121094 1802.379028
557054.419922 7133974.989990 425.219910 1802.380981
557554.419922 7133999.979980 433.657654 1802.380981
557204.419922 7134424.979980 428.067902 1802.383057
557504.419922 7134074.979980 429.954590 1802.383057
557504.419922 7134049.979980 429.816284 1802.384033
556954.419922 7134074.989990 428.494690 1802.385986
557054.419922 7134224.990234 423.875732 1802.386963
557104.419922 7134024.989990 423.542908 1802.389038
557454.419922 7134099.979980 427.416595 1802.390015
557054.419922 7134099.990234 424.435272 1802.390015
557004.419922 7134199.990234 425.957886 1802.394043
557054.419922 7134374.979980 426.560303 1802.396973
557004.419922 7134049.989990 426.721405 1802.397949
557454.419922 7134149.979980 427.729706 1802.397949
557604.419922 7134024.979980 437.686096 1802.404053
557054.419922 7134199.990234 423.898285 1802.404053
557104.419922 7134224.990234 423.140442 1802.407959
557504.419922 7134224.979980 430.795441 1802.410034
557054.419922 7134024.989990 425.035919 1802.410034
557054.419922 7134174.990234 423.994873 1802.410034
557504.419922 7134349.979980 434.393433 1802.411987
556954.419922 7134099.990234 428.508179 1802.412964
557604.419922 7133999.979980 438.091400 1802.412964
557004.419922 7134099.990234 426.499084 1802.412964
557004.419922 7134074.989990 426.594482 1802.420044
556954.419922 7134124.990234 428.552277 1802.420044
557004.419922 7134124.990234 426.399902 1802.421021
557054.419922 7134249.990234 423.966187 1802.427002
557104.419922 7134349.979980 425.390930 1802.430054
557104.419922 7134249.979980 423.353088 1802.430054
557054.419922 7134049.989990 424.865479 1802.438965
557004.419922 7134224.990234 425.797729 1802.441040
556954.419922 7134224.990234 427.760925 1802.442017
557054.419922 7134074.989990 424.649628 1802.443970
557554.419922 7134024.979980 433.510193 1802.443970
557454.419922 7134124.979980 427.603668 1802.447021
557504.419922 7134099.979980 430.111298 1802.447021
557504.419922 7134199.979980 430.624359 1802.452026
557654.419922 7133999.979980 440.921265 1802.454956
557104.419922 7134324.979980 424.732269 1802.462036
557104.419922 7134299.979980 424.145538 1802.462036
557154.419922 7134399.979980 427.094177 1802.463989
557104.419922 7134274.979980 423.685028 1802.467041
557004.419922 7134249.990234 425.710022 1802.468018
557654.419922 7134024.979980 440.578308 1802.470947
557504.419922 7134174.979980 430.540863 1802.474976
557654.419922 7133974.979980 441.167389 1802.474976
557054.419922 7134274.990234 424.223694 1802.477051
557604.419922 7133974.979980 438.409332 1802.478027
556954.419922 7134249.990234 427.449127 1802.478027
557554.419922 7134049.979980 433.328217 1802.485962
557604.419922 7134049.979980 437.235443 1802.488037
557104.419922 7134374.979980 426.113800 1802.489014
557454.419922 7134524.979980 438.745941 1802.489990
557504.419922 7134149.979980 430.437805 1802.494995
557554.419922 7134274.979980 432.826843 1802.495972
557054.419922 7134349.979980 425.856659 1802.500000
557504.419922 7134124.979980 430.281891 1802.503052
557504.419922 7134374.979980 435.146606 1802.505005
557604.419922 7134274.979980 434.142334 1802.508057
557004.419922 7134274.990234 425.772614 1802.509033
557254.419922 7134499.979980 429.352844 1802.510986
556954.419922 7134274.990234 427.289246 1802.526001
557204.419922 7134449.979980 428.524261 1802.529053
557654.419922 7134049.979980 440.167297 1802.531982
557054.419922 7134399.979980 427.297150 1802.534058
557554.419922 7134249.979980 432.726349 1802.536987
557554.419922 7134099.979980 433.030975 1802.546021
557554.419922 7134124.979980 432.972870 1802.551025
557554.419922 7134074.979980 433.168152 1802.555054
557554.419922 7134299.979980 433.184601 1802.557983
557004.419922 7134299.990234 426.019318 1802.558960
557054.419922 7134299.979980 424.649902 1802.561035
557304.419922 7134549.979980 431.492889 1802.562012
556954.419922 7134299.990234 427.306824 1802.564941
557604.419922 7134249.979980 434.385864 1802.566040
557604.419922 7134074.979980 436.751526 1802.566040
557604.419922 7134124.979980 435.868439 1802.567017
557004.419922 7134324.990234 426.422089 1802.567993
557004.419922 7134349.979980 426.899414 1802.568970
557604.419922 7134099.979980 436.279266 1802.571045
557004.419922 7134374.979980 427.453522 1802.576050
556954.419922 7134349.990234 427.754150 1802.582031
557504.419922 7134399.979980 435.868439 1802.593018
557554.419922 7134149.979980 432.948761 1802.597046
556954.419922 7134324.990234 427.467133 1802.602051
557104.419922 7134399.979980 426.877930 1802.604980
557654.419922 7134074.979980 439.627014 1802.608032
557554.419922 7134224.979980 432.783783 1802.610962
556954.419922 7134374.990234 428.166016 1802.613037
557054.419922 7134324.979980 425.217163 1802.615967
557604.419922 7134149.979980 435.529602 1802.615967
557004.419922 7134399.979980 428.041504 1802.623047
557204.419922 7134474.979980 428.928589 1802.623047
557554.419922 7134324.979980 433.823181 1802.624023
557554.419922 7134199.979980 432.870850 1802.624023
557504.419922 7134474.979980 438.705322 1802.625000
557504.419922 7134449.979980 437.643036 1802.628052
557704.419922 7134249.979980 437.503204 1802.631958
557604.419922 7134299.979980 434.043182 1802.631958
557554.419922 7134174.979980 432.928955 1802.633057
557604.419922 7134174.979980 435.239044 1802.634033
557154.419922 7134424.979980 427.740814 1802.635010
557504.419922 7134424.979980 436.677002 1802.646973
556954.419922 7134399.979980 428.644775 1802.646973
557704.419922 7134274.979980 437.107574 1802.651001
557554.419922 7134349.979980 434.643127 1802.655029
557454.419922 7134549.979980 439.720764 1802.656006
557604.419922 7134224.979980 434.674866 1802.659058
557654.419922 7134249.979980 436.089417 1802.659058
557654.419922 7134099.979980 439.032074 1802.663940
557754.419922 7134249.979980 438.596558 1802.666992
557604.419922 7134199.979980 434.954742 1802.666992
557254.419922 7134524.979980 429.926941 1802.673950
557654.419922 7134224.979980 436.484314 1802.675049
557904.419922 7134374.979980 439.715790 1802.675049
557054.419922 7134424.979980 428.014954 1802.675049
557654.419922 7134274.979980 435.708344 1802.687012
557804.419922 7134249.979980 439.643585 1802.687988
557004.419922 7134424.979980 428.612000 1802.689941
557554.419922 7134374.979980 435.529541 1802.692017
557354.419922 7134574.979980 434.982422 1802.692993
557504.419922 7134499.979980 439.738129 1802.692993
557304.419922 7134574.979980 433.064972 1802.693970
557654.419922 7134199.979980 436.892792 1802.697998
557804.419922 7134274.979980 439.325287 1802.699951
557654.419922 7134124.979980 438.424683 1802.701050
557654.419922 7134174.979980 437.350037 1802.701050
557904.419922 7134399.979980 439.279846 1802.723022
557654.419922 7134149.979980 437.851898 1802.725952
557404.419922 7134574.979980 437.985626 1802.728027
557754.419922 7134274.979980 438.228577 1802.728027
557204.419922 7134499.979980 429.351379 1802.732056
557604.419922 7134374.979980 435.204254 1802.733032
557154.419922 7134449.979980 428.364807 1802.733032
556954.419922 7134424.979980 429.132813 1802.734009
557654.419922 7134374.979980 435.292511 1802.735962
557254.419922 7134549.979980 430.884766 1802.737061
557104.419922 7134424.979980 427.642914 1802.741943
557604.419922 7134349.979980 434.566010 1802.744995
557604.419922 7134324.979980 434.156555 1802.748047
557704.419922 7134299.979980 436.725372 1802.748047
557854.419922 7134424.979980 438.333405 1802.761963
557554.419922 7134399.979980 436.391754 1802.764038
557904.419922 7134349.979980 440.213135 1802.769043
557654.419922 7134299.979980 435.376770 1802.770996
556954.419922 7134449.979980 429.602264 1802.771973
557154.419922 7134474.979980 428.936981 1802.774048
557004.419922 7134449.979980 429.147156 1802.775024
557854.419922 7134399.979980 438.533752 1802.777954
557854.419922 7134249.979980 440.734344 1802.779053
557854.419922 7134449.979980 438.323090 1802.779053
557454.419922 7134574.979980 440.638214 1802.781006
557254.419922 7134574.979980 432.404266 1802.782959
557654.419922 7134349.979980 435.106995 1802.785034
557204.419922 7134524.979980 429.979156 1802.786987
557704.419922 7134374.979980 435.991669 1802.788940
557554.419922 7134474.979980 439.088257 1802.790039
556954.419922 7134474.979980 430.040344 1802.791992
557754.419922 7134374.979980 436.900940 1802.793945
557504.419922 7134524.979980 440.637421 1802.796021
557904.419922 7134249.979980 441.581360 1802.796997
557654.419922 7134399.979980 435.758942 1802.797974
557304.419922 7134599.979980 435.012360 1802.802002
557604.419922 7134399.979980 436.001312 1802.807007
557054.419922 7134449.979980 428.691162 1802.807983
557804.419922 7134299.979980 438.989136 1802.808960
557554.419922 7134449.979980 438.143188 1802.808960
557854.419922 7134374.979980 438.898468 1802.810059
557554.419922 7134424.979980 437.236206 1802.812012
557754.419922 7134299.979980 437.864990 1802.812988
557704.419922 7134349.979980 436.101410 1802.816040
557654.419922 7134324.979980 435.146423 1802.822998
557904.419922 7134274.979980 441.344116 1802.824951
557104.419922 7134449.979980 428.398926 1802.824951
557904.419922 7134324.979980 440.653717 1802.824951
557854.419922 7134274.979980 440.480072 1802.827026
557704.419922 7134399.979980 436.108368 1802.828003
557004.419922 7134474.979980 429.618713 1802.838013
557704.419922 7134324.979980 436.367432 1802.838989
557754.419922 7134399.979980 436.814423 1802.842041
557154.419922 7134499.979980 429.530090 1802.843018
557804.419922 7134399.979980 437.663452 1802.843994
557354.419922 7134599.979980 436.781006 1802.845947
557904.419922 7134299.979980 441.034271 1802.848022
557554.419922 7134499.979980 440.032471 1802.858032
556954.419922 7134499.979980 430.479584 1802.863037
557404.419922 7134599.979980 439.317566 1802.863037
557254.419922 7134599.979980 434.389374 1802.863037
557754.419922 7134349.979980 437.153320 1802.866943
557204.419922 7134549.979980 430.989227 1802.869019
557804.419922 7134374.979980 437.890869 1802.874023
557004.419922 7134499.979980 430.096069 1802.875977
557104.419922 7134474.979980 429.080048 1802.880981
557454.419922 7134599.979980 441.398132 1802.881958
557304.419922 7134624.979980 437.064270 1802.890015
557504.419922 7134549.979980 441.338928 1802.890991
557854.419922 7134349.979980 439.348053 1802.890991
557804.419922 7134324.979980 438.614410 1802.891968
557804.419922 7134349.979980 438.236084 1802.894043
557854.419922 7134299.979980 440.175934 1802.895020
557004.419922 7134524.979980 430.627960 1802.895996
557054.419922 7134474.979980 429.305695 1802.897949
557754.419922 7134324.979980 437.489014 1802.897949
557554.419922 7134524.979980 440.829803 1802.899048
557754.419922 7134424.979980 436.942657 1802.899048
557054.419922 7134499.979980 429.934387 1802.901001
557604.419922 7134424.979980 436.831207 1802.902954
556954.419922 7134524.979980 430.937836 1802.904053
557204.419922 7134574.979980 432.529205 1802.910034
557054.419922 7134524.979980 430.641022 1802.911987
557354.419922 7134624.979980 438.585602 1802.916016
556954.419922 7134624.979980 433.401520 1802.916016
557154.419922 7134524.979980 430.304199 1802.918945
557104.419922 7134499.979980 429.772461 1802.918945
557404.419922 7134624.979980 440.517181 1802.922974
556954.419922 7134599.979980 432.709808 1802.925049
557254.419922 7134624.979980 436.520386 1802.928955
556954.419922 7134574.979980 432.049225 1802.931030
556954.419922 7134649.979980 434.119720 1802.936035
556954.419922 7134549.979980 431.449860 1802.937012
557454.419922 7134624.979980 441.862732 1802.937012
557754.419922 7134449.979980 437.278687 1802.939941
557604.419922 7134449.979980 437.693787 1802.942017
557854.419922 7134324.979980 439.792877 1802.944946
557504.419922 7134574.979980 441.851379 1802.946045
557304.419922 7134649.979980 439.035583 1802.952026
557204.419922 7134599.979980 434.479736 1802.952026
557604.419922 7134474.979980 438.550812 1802.959961
557154.419922 7134549.979980 431.394775 1802.961060
557354.419922 7134649.979980 440.191345 1802.963013
557654.419922 7134449.979980 437.144745 1802.965942
557104.419922 7134524.979980 430.594971 1802.967041
557554.419922 7134549.979980 441.406738 1802.970947
557504.419922 7134599.979980 442.146393 1802.975952
557404.419922 7134649.979980 441.549500 1802.978027
557004.419922 7134549.979980 431.292114 1802.980957
557154.419922 7134574.979980 432.898773 1802.985962
557054.419922 7134549.979980 431.526123 1802.987061
557604.419922 7134499.979980 439.411804 1802.990967
557504.419922 7134624.979980 442.255585 1802.994019
557254.419922 7134649.979980 438.601471 1802.998047
557204.419922 7134624.979980 436.578430 1803.001953
557454.419922 7134649.979980 442.243835 1803.011963
557004.419922 7134624.979980 434.126190 1803.011963
557554.419922 7134574.979980 441.794647 1803.014038
557004.419922 7134649.979980 435.131622 1803.015015
557654.419922 7134474.979980 437.914063 1803.020996
557154.419922 7134599.979980 434.727661 1803.021973
557104.419922 7134549.979980 431.654144 1803.026978
557604.419922 7134524.979980 440.183563 1803.027954
557504.419922 7134649.979980 442.238708 1803.029053
557004.419922 7134599.979980 433.082825 1803.031006
557154.419922 7134624.979980 436.651886 1803.040039
557204.419922 7134649.979980 438.623444 1803.046997
557554.419922 7134599.979980 442.032379 1803.050049
557054.419922 7134574.979980 432.601563 1803.050049
557604.419922 7134549.979980 440.774200 1803.051025
557154.419922 7134649.979980 438.529755 1803.053955
557654.419922 7134499.979980 438.698822 1803.055054
557004.419922 7134574.979980 432.099792 1803.055054
557604.419922 7134574.979980 441.185944 1803.062988
557604.419922 7134599.979980 441.466400 1803.064941
557054.419922 7134599.979980 433.894470 1803.068970
557104.419922 7134574.979980 433.005859 1803.074951
557604.419922 7134624.979980 441.694366 1803.076050
557054.419922 7134649.979980 436.717224 1803.088013
557054.419922 7134624.979980 435.271881 1803.098022
557554.419922 7134624.979980 442.138031 1803.098999
557104.419922 7134649.979980 437.936676 1803.108032
557654.419922 7134524.979980 439.453064 1803.118042
557104.419922 7134599.979980 434.610840 1803.125000
557554.419922 7134649.979980 442.113861 1802.503052
557104.419922 7134624.979980 436.266022 1802.463013
557654.419922 7134649.979980 441.518860 1802.542969
557604.419922 7134649.979980 441.866302 1802.442993
557654.419922 7134549.979980 440.111023 1802.473022
557654.419922 7134624.979980 441.248260 1802.473022
557654.419922 7134599.979980 440.980316 1802.493042
557654.419922 7134574.979980 440.632355 1802.373047
556654.419922 7133175.000000 436.845673 1802.512939
556679.419922 7133175.000000 436.954315 1802.512939
556704.419922 7133175.000000 437.005402 1802.512939
556729.419922 7133175.000000 436.899719 1802.503052
556754.419922 7133175.000000 436.531189 1802.493042
556779.419922 7133175.000000 435.860992 1802.512939
556804.419922 7133175.000000 434.876617 1802.542969
556829.419922 7133175.000000 433.868744 1802.562988
556854.419922 7133175.000000 433.001892 1802.633057
556879.419922 7133175.000000 432.374023 1802.562988
556904.419922 7133175.000000 431.901093 1802.552979
556929.419922 7133175.000000 431.387421 1802.512939
556954.419922 7133175.000000 430.574493 1802.522949
556979.419922 7133175.000000 429.302338 1802.542969
557004.419922 7133175.000000 427.742981 1802.562988
557029.419922 7133175.000000 426.162079 1802.542969
557054.419922 7133175.000000 424.821930 1802.572998
557079.419922 7133175.000000 423.859039 1802.552979
557104.419922 7133175.000000 423.260681 1802.542969
557129.419922 7133175.000000 422.873718 1802.562988
557154.419922 7133174.989990 422.673126 1802.692993
557179.419922 7133174.989990 422.596680 1802.613037
557204.419922 7133174.989990 422.595123 1802.672974
557229.419922 7133174.989990 422.659119 1802.662964
557254.419922 7133174.989990 422.682465 1802.633057
557279.419922 7133174.989990 422.568451 1802.623047
557304.419922 7133174.989990 422.335419 1802.662964
557329.419922 7133174.989990 422.054840 1802.633057
557354.419922 7133174.989990 421.869659 1802.662964
557379.419922 7133174.989990 421.812500 1802.692993
557404.419922 7133174.989990 421.878510 1802.662964
557429.419922 7133174.989990 422.040314 1802.672974
557454.419922 7133174.989990 422.297546 1802.692993
557479.419922 7133174.989990 422.649506 1802.662964
557504.419922 7133174.989990 423.063568 1802.682983
557529.419922 7133174.989990 423.474152 1802.603027
557554.419922 7133174.989990 423.846008 1802.703003
557579.419922 7133174.989990 424.210175 1802.652954
557604.419922 7133174.989990 424.579010 1802.642944
557629.419922 7133174.989990 424.952606 1802.733032
557654.419922 7133174.989990 425.342560 1802.733032
557679.419922 7133174.989990 425.809052 1802.613037
557704.419922 7133174.989990 426.295715 1802.593018
557729.419922 7133174.989990 426.873230 1802.522949
557754.419922 7133174.989990 427.459290 1802.402954
557779.419922 7133174.989990 428.093079 1802.572998
557804.419922 7133174.989990 428.735657 1802.542969
557829.419922 7133174.989990 429.358276 1802.522949
557854.419922 7133174.989990 429.946625 1802.532959
556654.419922 7133275.000000 438.438568 1802.532959
556679.419922 7133275.000000 438.552612 1802.522949
556704.419922 7133275.000000 438.575500 1802.522949
556729.419922 7133275.000000 438.451233 1802.503052
556754.419922 7133275.000000 438.038239 1802.503052
556779.419922 7133275.000000 437.242371 1802.542969
556804.419922 7133275.000000 435.979584 1802.432983
556829.419922 7133275.000000 434.338348 1802.322998
556854.419922 7133275.000000 432.641937 1802.322998
556879.419922 7133275.000000 431.242584 1802.312988
556904.419922 7133275.000000 430.325867 1802.243042
556929.419922 7133275.000000 429.685638 1802.192993
556954.419922 7133275.000000 429.029480 1802.223022
556979.419922 7133275.000000 428.024139 1802.192993
557004.419922 7133275.000000 426.729126 1802.223022
557029.419922 7133275.000000 425.329010 1802.312988
557054.419922 7133274.989990 424.144012 1802.302979
557079.419922 7133274.989990 423.376282 1802.243042
557104.419922 7133274.989990 422.990326 1802.392944
557129.419922 7133274.989990 422.872070 1802.383057
557154.419922 7133274.989990 422.898193 1802.432983
557179.419922 7133274.989990 422.954102 1802.463013
557204.419922 7133274.989990 422.994385 1802.473022
557229.419922 7133274.989990 423.022125 1802.503052
557254.419922 7133274.989990 423.052704 1802.532959
557279.419922 7133274.989990 423.050568 1802.552979
557304.419922 7133274.989990 422.996674 1802.583008
557329.419922 7133274.989990 422.776062 1802.562988
557354.419922 7133274.989990 422.512085 1802.623047
557379.419922 7133274.989990 422.285522 1802.672974
557404.419922 7133274.989990 422.238007 1802.593018
557429.419922 7133274.989990 422.461151 1802.713013
557454.419922 7133274.989990 422.935913 1802.733032
557479.419922 7133274.989990 423.577209 1802.743042
557504.419922 7133274.989990 424.272369 1802.733032
557529.419922 7133274.989990 424.949860 1802.762939
557554.419922 7133274.989990 425.535126 1802.692993
557579.419922 7133274.989990 426.055206 1802.753052
557604.419922 7133274.989990 426.530701 1802.812988
557629.419922 7133274.989990 426.969543 1802.743042
557654.419922 7133274.989990 427.443939 1802.792969
557679.419922 7133274.989990 427.971741 1802.623047
557704.419922 7133274.989990 428.570343 1802.593018
557729.419922 7133274.989990 429.226227 1802.633057
557754.419922 7133274.989990 429.908875 1802.572998
557779.419922 7133274.989990 430.600311 1802.562988
557804.419922 7133274.989990 431.281555 1802.542969
557829.419922 7133274.989990 431.957672 1802.593018
557854.419922 7133274.989990 432.659668 1802.562988
556654.419922 7133375.000000 440.029846 1802.562988
556679.419922 7133375.000000 440.119904 1802.723022
556704.419922 7133375.000000 440.234467 1802.422974
556729.419922 7133375.000000 440.311798 1802.412964
556754.419922 7133375.000000 440.260529 1802.322998
556779.419922 7133375.000000 440.106232 1802.172974
556804.419922 7133375.000000 439.409668 1802.123047
556829.419922 7133375.000000 438.354919 1801.993042
556854.419922 7133375.000000 436.499695 1801.892944
556879.419922 7133375.000000 434.238922 1801.662964
556904.419922 7133375.000000 432.009186 1801.623047
556929.419922 7133375.000000 429.997711 1801.562988
556954.419922 7133374.989990 428.388092 1801.373047
556979.419922 7133374.989990 426.942871 1801.253052
557004.419922 7133374.989990 425.541443 1801.383057
557029.419922 7133374.989990 424.345917 1801.402954
557054.419922 7133374.989990 423.457520 1801.613037
557079.419922 7133374.989990 422.971893 1801.833008
557104.419922 7133374.989990 422.811737 1801.983032
557129.419922 7133374.989990 422.836639 1802.113037
557154.419922 7133374.989990 422.921692 1802.162964
557179.419922 7133374.989990 422.981293 1802.243042
557204.419922 7133374.989990 423.005524 1802.282959
557229.419922 7133374.989990 423.008179 1802.312988
557254.419922 7133374.989990 423.007172 1802.292969
557279.419922 7133374.989990 423.007935 1802.412964
557304.419922 7133374.989990 423.000854 1802.432983
557329.419922 7133374.989990 422.978210 1802.522949
557354.419922 7133374.989990 422.939667 1802.503052
557379.419922 7133374.989990 422.926880 1802.562988
557404.419922 7133374.989990 423.008331 1802.603027
557429.419922 7133374.989990 423.253540 1802.583008
557454.419922 7133374.989990 423.718536 1802.623047
557479.419922 7133374.989990 424.387939 1802.733032
557504.419922 7133374.989990 425.190552 1802.623047
557529.419922 7133374.989990 426.045044 1802.633057
557554.419922 7133374.989990 426.847229 1802.733032
557579.419922 7133374.989990 427.574615 1802.822998
557604.419922 7133374.989990 428.214630 1802.833008
557629.419922 7133374.989990 428.774811 1802.802979
557654.419922 7133374.989990 429.280640 1802.782959
557679.419922 7133374.989990 429.760437 1802.633057
557704.419922 7133374.989990 430.285065 1802.613037
557729.419922 7133374.989990 430.856354 1802.542969
557754.419922 7133374.989990 431.512482 1802.562988
557779.419922 7133374.989990 432.191711 1802.542969
557804.419922 7133374.989990 432.872803 1802.572998
557829.419922 7133374.989990 433.600311 1802.552979
557854.419922 7133374.989990 434.421326 1802.552979
556654.419922 7133475.000000 441.749054 1802.483032
556679.419922 7133475.000000 441.732300 1802.412964
556704.419922 7133475.000000 441.772461 1802.363037
556729.419922 7133475.000000 441.825378 1802.373047
556754.419922 7133475.000000 441.904541 1802.162964
556779.419922 7133475.000000 441.999054 1802.133057
556804.419922 7133475.000000 442.030701 1802.223022
557029.419922 7133474.989990 424.995026 1802.022949
557054.419922 7133474.989990 423.760315 1801.772949
557079.419922 7133474.989990 423.091217 1801.552979
557104.419922 7133474.989990 422.861664 1801.432983
557129.419922 7133474.989990 422.865906 1801.322998
557154.419922 7133474.989990 422.941406 1801.192993
557179.419922 7133474.989990 422.997772 1801.062988
557204.419922 7133474.989990 423.012573 1801.022949
557229.419922 7133474.989990 423.008820 1800.902954
557254.419922 7133474.989990 423.003876 1800.932983
557279.419922 7133474.989990 423.005157 1801.012939
557304.419922 7133474.989990 423.004669 1801.162964
557329.419922 7133474.989990 422.980804 1801.292969
557354.419922 7133474.989990 422.927277 1801.353027
557379.419922 7133474.989990 422.873840 1801.243042
557404.419922 7133474.989990 422.912720 1801.113037
557429.419922 7133474.989990 423.185638 1801.253052
557454.419922 7133474.989990 423.803345 1801.473022
557479.419922 7133474.989990 424.694275 1801.833008
557504.419922 7133474.989990 425.755402 1802.042969
557529.419922 7133474.989990 426.840759 1802.113037
557554.419922 7133474.989990 427.866730 1802.253052
557579.419922 7133474.989990 428.835327 1802.333008
557604.419922 7133474.989990 429.697601 1802.432983
557629.419922 7133474.989990 430.415863 1802.442993
557654.419922 7133474.989990 431.009583 1802.282959
557679.419922 7133474.989990 431.541290 1802.493042
557704.419922 7133474.989990 432.037170 1802.522949
557729.419922 7133474.989990 432.538666 1802.572998
557754.419922 7133474.989990 433.050140 1802.572998
557779.419922 7133474.989990 433.605499 1802.542969
557804.419922 7133474.989990 434.224487 1802.572998
557829.419922 7133474.989990 434.968109 1802.542969
557854.419922 7133474.979980 435.868988 1802.623047
556654.419922 7133575.000000 443.860352 1802.542969
556679.419922 7133575.000000 443.702118 1802.532959
556704.419922 7133575.000000 443.520935 1802.493042
556729.419922 7133575.000000 443.324829 1802.473022
556754.419922 7133574.989990 443.123657 1802.562988
556779.419922 7133574.989990 442.937958 1802.473022
556804.419922 7133574.989990 442.658081 1802.373047
556829.419922 7133574.989990 442.059082 1802.373047
556854.419922 7133574.989990 440.926727 1802.402954
556879.419922 7133574.989990 439.118042 1802.412964
556904.419922 7133574.989990 436.826263 1802.373047
556929.419922 7133574.989990 434.207672 1802.272949
556954.419922 7133574.989990 431.591858 1802.213013
556979.419922 7133574.989990 429.209320 1802.233032
557004.419922 7133574.989990 427.111969 1802.223022
557029.419922 7133574.989990 425.384796 1802.123047
557054.419922 7133574.989990 424.077850 1801.953003
557079.419922 7133574.989990 423.260956 1801.662964
557104.419922 7133574.989990 422.889587 1801.652954
557129.419922 7133574.989990 422.831451 1801.402954
557154.419922 7133574.989990 422.894867 1801.272949
557179.419922 7133574.989990 422.965240 1801.083008
557204.419922 7133574.989990 422.999390 1801.103027
557229.419922 7133574.989990 423.006500 1800.802979
557254.419922 7133574.989990 423.005249 1800.782959
557279.419922 7133574.989990 423.008392 1800.772949
557304.419922 7133574.989990 423.010010 1800.762939
557329.419922 7133574.989990 422.989868 1800.613037
557354.419922 7133574.989990 422.934875 1800.562988
557379.419922 7133574.989990 422.864288 1800.532959
557404.419922 7133574.989990 422.848053 1800.583008
557429.419922 7133574.989990 423.041382 1800.833008
557454.419922 7133574.989990 423.620056 1801.032959
557479.419922 7133574.989990 424.604523 1801.322998
557504.419922 7133574.989990 425.889984 1801.713013
557529.419922 7133574.989990 427.326630 1801.902954
557554.419922 7133574.989990 428.735199 1802.042969
557579.419922 7133574.989990 430.076904 1802.253052
557604.419922 7133574.989990 431.221497 1802.272949
557629.419922 7133574.989990 432.231598 1802.333008
557654.419922 7133574.989990 433.096741 1802.412964
557679.419922 7133574.989990 433.789429 1802.402954
557704.419922 7133574.989990 434.347839 1802.392944
557729.419922 7133574.989990 434.790009 1802.392944
557754.419922 7133574.979980 435.151154 1802.412964
557779.419922 7133574.979980 435.442078 1802.503052
557804.419922 7133574.979980 435.792053 1802.512939
557829.419922 7133574.979980 436.233246 1802.552979
557854.419922 7133574.979980 436.852325 1802.522949
556654.419922 7133675.000000 445.701477 1802.453003
556679.419922 7133674.989990 445.209106 1802.503052
556704.419922 7133674.989990 444.745453 1802.483032
556729.419922 7133674.989990 444.251434 1802.493042
556754.419922 7133674.989990 443.825714 1802.432983
556779.419922 7133674.989990 443.432861 1802.412964
556804.419922 7133674.989990 442.990906 1802.383057
556829.419922 7133674.989990 442.269226 1802.373047
556854.419922 7133674.989990 440.959839 1802.442993
556879.419922 7133674.989990 438.858948 1802.363037
556904.419922 7133674.989990 436.170166 1802.302979
556929.419922 7133674.989990 433.327423 1802.353027
556954.419922 7133674.989990 430.750244 1802.262939
556979.419922 7133674.989990 428.647003 1802.223022
557004.419922 7133674.989990 426.971344 1802.223022
557029.419922 7133674.989990 425.567169 1802.182983
557054.419922 7133674.989990 424.399323 1802.203003
557079.419922 7133674.989990 423.537262 1802.062988
557104.419922 7133674.989990 423.031708 1801.983032
557129.419922 7133674.989990 422.868530 1801.853027
557154.419922 7133674.989990 422.885315 1801.743042
557179.419922 7133674.989990 422.954254 1801.522949
557204.419922 7133674.989990 422.999176 1801.473022
557229.419922 7133674.989990 423.009064 1801.343018
557254.419922 7133674.989990 423.007111 1801.192993
557279.419922 7133674.989990 423.011017 1801.093018
557304.419922 7133674.989990 423.018219 1801.022949
557329.419922 7133674.989990 423.001221 1801.032959
557354.419922 7133674.989990 422.935699 1800.973022
557379.419922 7133674.989990 422.835297 1801.003052
557404.419922 7133674.989990 422.806580 1801.062988
557429.419922 7133674.989990 423.015137 1801.093018
557454.419922 7133674.989990 423.632202 1801.333008
557479.419922 7133674.989990 424.701630 1801.572998
557504.419922 7133674.989990 426.114532 1801.812988
557529.419922 7133674.989990 427.742096 1801.983032
557554.419922 7133674.989990 429.388214 1802.162964
557579.419922 7133674.989990 431.032104 1802.103027
557604.419922 7133674.989990 432.623901 1802.282959
557629.419922 7133674.989990 434.046936 1802.272949
557654.419922 7133674.989990 435.232758 1802.402954
557679.419922 7133674.979980 436.137238 1802.353027
557704.419922 7133674.979980 436.784637 1802.522949
557729.419922 7133674.979980 437.223206 1802.493042
557754.419922 7133674.979980 437.539032 1802.503052
557779.419922 7133674.979980 437.747742 1802.503052
557804.419922 7133674.979980 437.901184 1802.503052
557829.419922 7133674.979980 438.079071 1802.562988
557854.419922 7133674.979980 438.350952 1802.572998
556654.419922 7133774.989990 446.685059 1802.453003
556679.419922 7133774.989990 445.898834 1802.442993
556704.419922 7133774.989990 445.124725 1802.412964
556729.419922 7133774.989990 444.392456 1802.432983
556754.419922 7133774.989990 443.771759 1802.432983
556779.419922 7133774.989990 443.291321 1802.412964
556804.419922 7133774.989990 442.896881 1802.383057
556829.419922 7133774.989990 442.331604 1802.392944
556854.419922 7133774.989990 441.236176 1802.343018
556879.419922 7133774.989990 439.372620 1802.282959
556904.419922 7133774.989990 436.735199 1802.363037
556929.419922 7133774.989990 433.775269 1802.512939
556954.419922 7133774.989990 431.102844 1802.493042
556979.419922 7133774.989990 429.027557 1802.272949
557004.419922 7133774.989990 427.416290 1802.223022
557029.419922 7133774.989990 426.053833 1802.253052
557054.419922 7133774.989990 424.871246 1802.233032
557079.419922 7133774.989990 423.931824 1802.213013
557104.419922 7133774.989990 423.303192 1802.113037
557129.419922 7133774.989990 422.983765 1802.042969
557154.419922 7133774.989990 422.903168 1802.042969
557179.419922 7133774.989990 422.933411 1801.973022
557204.419922 7133774.989990 422.981354 1801.762939
557229.419922 7133774.989990 423.008545 1801.542969
557254.419922 7133774.989990 423.019440 1801.463013
557279.419922 7133774.989990 423.022614 1801.353027
557304.419922 7133774.989990 423.012085 1801.223022
557329.419922 7133774.989990 422.975098 1801.152954
557354.419922 7133774.989990 422.878296 1801.223022
557379.419922 7133774.989990 422.741455 1801.312988
557404.419922 7133774.989990 422.704285 1801.483032
557429.419922 7133774.989990 422.999298 1801.802979
557454.419922 7133774.989990 423.845428 1801.802979
557479.419922 7133774.989990 425.218658 1801.753052
557504.419922 7133774.989990 426.957001 1802.012939
557529.419922 7133774.989990 428.976471 1802.133057
557554.419922 7133774.989990 431.092590 1802.192993
557579.419922 7133774.979980 433.263519 1802.192993
557604.419922 7133774.979980 435.286560 1802.213013
557629.419922 7133774.979980 437.050476 1802.353027
557654.419922 7133774.979980 438.393219 1802.412964
557679.419922 7133774.979980 439.289551 1802.422974
557704.419922 7133774.979980 439.821167 1802.473022
557729.419922 7133774.979980 440.058594 1802.493042
557754.419922 7133774.979980 440.154785 1802.522949
557779.419922 7133774.979980 440.165131 1802.532959
557804.419922 7133774.979980 440.135529 1802.432983
557829.419922 7133774.979980 440.100830 1802.613037
557854.419922 7133774.979980 440.116333 1802.623047
556654.419922 7133874.989990 446.011536 1802.422974
556679.419922 7133874.989990 445.265686 1802.402954
556704.419922 7133874.989990 444.572601 1802.453003
556729.419922 7133874.989990 443.987854 1802.422974
556754.419922 7133874.989990 443.539398 1802.453003
556779.419922 7133874.989990 443.193787 1802.412964
556804.419922 7133874.989990 442.880096 1802.363037
556829.419922 7133874.989990 442.344818 1802.333008
556854.419922 7133874.989990 441.248749 1802.322998
556879.419922 7133874.989990 439.422852 1802.383057
556904.419922 7133874.989990 436.913818 1802.343018
556929.419922 7133874.989990 434.129578 1802.343018
556954.419922 7133874.989990 431.482544 1802.282959
556979.419922 7133874.989990 429.282593 1802.322998
557004.419922 7133874.989990 427.610535 1802.302979
557029.419922 7133874.989990 426.278442 1802.302979
557054.419922 7133874.989990 425.152374 1802.253052
557079.419922 7133874.989990 424.200012 1802.203003
557104.419922 7133874.989990 423.482178 1802.292969
557129.419922 7133874.989990 423.055725 1802.192993
557154.419922 7133874.989990 422.891998 1802.142944
557179.419922 7133874.989990 422.899475 1802.062988
557204.419922 7133874.989990 422.957672 1801.932983
557229.419922 7133874.989990 423.002289 1801.682983
557254.419922 7133874.989990 423.014008 1801.623047
557279.419922 7133874.989990 422.999176 1801.412964
557304.419922 7133874.989990 422.954895 1801.343018
557329.419922 7133874.989990 422.876801 1801.322998
557354.419922 7133874.989990 422.792480 1801.363037
557379.419922 7133874.989990 422.775787 1801.412964
557404.419922 7133874.989990 422.948578 1801.552979
557429.419922 7133874.989990 423.516418 1801.822998
557454.419922 7133874.989990 424.630188 1802.003052
557479.419922 7133874.979980 426.256104 1802.103027
557504.419922 7133874.979980 428.316193 1802.172974
557529.419922 7133874.979980 430.711609 1802.243042
557554.419922 7133874.979980 433.322662 1802.253052
557579.419922 7133874.979980 435.942261 1802.302979
557604.419922 7133874.979980 438.242920 1802.383057
557629.419922 7133874.979980 439.931488 1802.493042
557654.419922 7133874.979980 440.917664 1802.512939
557679.419922 7133874.979980 441.285645 1802.552979
557704.419922 7133874.979980 441.334381 1802.572998
557729.419922 7133874.979980 441.223999 1802.583008
557754.419922 7133874.979980 441.117035 1802.642944
557779.419922 7133874.979980 441.063965 1802.593018
557804.419922 7133874.979980 441.048645 1802.633057
557829.419922 7133874.979980 441.083557 1802.682983
557854.419922 7133874.979980 441.160980 1802.692993
556654.419922 7133974.989990 444.300568 1802.422974
556679.419922 7133974.989990 443.918091 1802.463013
556704.419922 7133974.989990 443.510376 1802.422974
556729.419922 7133974.989990 443.069824 1802.412964
556754.419922 7133974.989990 442.572479 1802.373047
556779.419922 7133974.989990 441.940643 1802.422974
556804.419922 7133974.989990 440.954102 1802.442993
556829.419922 7133974.989990 439.502838 1802.432983
556854.419922 7133974.989990 437.671021 1802.512939
556879.419922 7133974.989990 435.557129 1802.473022
556904.419922 7133974.989990 433.358551 1802.402954
556929.419922 7133974.989990 431.297638 1802.333008
556954.419922 7133974.989990 429.587494 1802.392944
556979.419922 7133974.989990 428.213074 1802.333008
557004.419922 7133974.989990 427.152649 1802.292969
557029.419922 7133974.989990 426.162964 1802.343018
557054.419922 7133974.989990 425.219910 1802.322998
557079.419922 7133974.989990 424.337891 1802.292969
557104.419922 7133974.989990 423.630798 1802.272949
557129.419922 7133974.989990 423.161255 1802.262939
557154.419922 7133974.989990 422.935120 1802.172974
557179.419922 7133974.989990 422.890778 1802.032959
557204.419922 7133974.989990 422.927521 1802.062988
557229.419922 7133974.989990 422.964813 1801.843018
557254.419922 7133974.989990 422.969055 1801.692993
557279.419922 7133974.989990 422.936157 1801.572998
557304.419922 7133974.989990 422.899933 1801.613037
557329.419922 7133974.989990 422.894043 1801.733032
557379.419922 7133974.979980 423.253357 1802.083008
557404.419922 7133974.979980 423.801331 1802.152954
557429.419922 7133974.979980 424.695770 1802.233032
557454.419922 7133974.979980 425.967377 1802.282959
557479.419922 7133974.979980 427.570038 1802.322998
557504.419922 7133974.979980 429.442169 1802.162964
557529.419922 7133974.979980 431.514343 1802.253052
557554.419922 7133974.979980 433.791504 1802.333008
557579.419922 7133974.979980 436.167938 1802.392944
557604.419922 7133974.979980 438.409332 1802.442993
557629.419922 7133974.979980 440.146240 1802.463013
557654.419922 7133974.979980 441.167389 1802.453003
557679.419922 7133974.979980 441.504425 1802.503052
557704.419922 7133974.979980 441.372742 1802.503052
557729.419922 7133974.979980 441.112610 1802.542969
557754.419922 7133974.979980 440.934906 1802.583008
557779.419922 7133974.979980 440.914917 1802.603027
557804.419922 7133974.979980 441.024048 1802.662964
557829.419922 7133974.979980 441.225159 1802.662964
557854.419922 7133974.979980 441.482788 1802.672974
556454.419922 7134474.990234 452.340332 1802.932983
556479.419922 7134474.990234 451.506317 1802.932983
556504.419922 7134474.990234 450.019623 1802.963013
556529.419922 7134474.990234 447.780609 1802.912964
556554.419922 7134474.990234 444.683319 1803.052979
556579.419922 7134474.990234 441.094971 1802.993042
556604.419922 7134474.990234 437.387024 1802.883057
556629.419922 7134474.990234 433.957153 1802.883057
556654.419922 7134474.990234 431.301971 1802.963013
556679.419922 7134474.990234 429.569611 1802.853027
556704.419922 7134474.990234 428.785675 1802.853027
556729.419922 7134474.990234 428.625916 1802.843018
556754.419922 7134474.990234 428.760895 1802.843018
556779.419922 7134474.990234 428.947906 1802.883057
556804.419922 7134474.990234 429.180023 1802.873047
556829.419922 7134474.990234 429.489594 1802.713013
556854.419922 7134474.990234 429.853760 1802.753052
556879.419922 7134474.979980 430.163971 1802.843018
556904.419922 7134474.979980 430.312897 1802.762939
556929.419922 7134474.979980 430.241364 1802.843018
556954.419922 7134474.979980 430.040344 1802.723022
556979.419922 7134474.979980 429.815155 1802.812988
557004.419922 7134474.979980 429.618713 1802.843018
557029.419922 7134474.979980 429.457153 1802.762939
557054.419922 7134474.979980 429.305695 1802.932983
556454.419922 7134574.990234 447.409393 1802.863037
556479.419922 7134574.990234 446.177460 1802.932983
556504.419922 7134574.990234 444.308197 1802.922974
556529.419922 7134574.990234 441.850922 1802.892944
556554.419922 7134574.990234 438.949493 1802.963013
556579.419922 7134574.990234 435.890503 1802.963013
556604.419922 7134574.990234 433.137543 1803.003052
556629.419922 7134574.990234 431.074371 1803.042969
556654.419922 7134574.990234 429.925568 1803.022949
556679.419922 7134574.990234 429.417572 1803.003052
556704.419922 7134574.990234 429.439423 1802.912964
556729.419922 7134574.990234 429.684265 1803.032959
556754.419922 7134574.990234 430.064606 1802.932983
556779.419922 7134574.979980 430.495514 1802.932983
556804.419922 7134574.979980 430.936737 1802.802979
556829.419922 7134574.979980 431.352997 1802.762939
556854.419922 7134574.979980 431.701294 1802.812988
556879.419922 7134574.979980 431.938965 1802.792969
556904.419922 7134574.979980 432.064636 1802.863037
556929.419922 7134574.979980 432.080811 1802.902954
556954.419922 7134574.979980 432.049225 1802.963013
556979.419922 7134574.979980 432.033722 1802.963013
557004.419922 7134574.979980 432.099792 1803.032959
557029.419922 7134574.979980 432.330780 1803.062988
557054.419922 7134574.979980 432.601563 1803.062988
556454.430176 7134674.990234 441.339203 1803.003052
556479.430176 7134674.990234 439.928497 1802.993042
556504.419922 7134674.990234 438.201630 1803.003052
556529.419922 7134674.990234 436.232391 1803.062988
556554.419922 7134674.990234 434.165375 1803.022949
556579.419922 7134674.990234 432.390930 1803.142944
556604.419922 7134674.990234 431.147339 1803.113037
556629.419922 7134674.990234 430.439301 1803.012939
556654.419922 7134674.990234 430.335510 1803.022949
556679.419922 7134674.990234 430.529633 1803.042969
556704.419922 7134674.979980 430.933594 1803.103027
556729.419922 7134674.979980 431.400665 1803.012939
556754.419922 7134674.979980 431.889465 1802.983032
556779.419922 7134674.979980 432.379181 1802.892944
556804.419922 7134674.979980 432.848816 1802.993042
556829.419922 7134674.979980 433.274414 1802.973022
556854.419922 7134674.979980 433.654144 1802.983032
556879.419922 7134674.979980 433.984680 1802.963013
556904.419922 7134674.979980 434.264008 1803.072998
556929.419922 7134674.979980 434.519989 1803.083008
556954.419922 7134674.979980 434.837402 1802.983032
556979.419922 7134674.979980 435.335999 1803.062988
557004.419922 7134674.979980 436.074860 1803.083008
557029.419922 7134674.979980 437.015869 1803.152954
557054.419922 7134674.979980 437.944580 1803.162964
