557300.000000 7134625.000000 0.000000 1801.317017
557300.000000 7134650.000000 0.000000 1801.333008
557300.000000 7134575.000000 0.000000 1801.349976
557300.000000 7134675.000000 0.000000 1801.349976
557300.000000 7134600.000000 0.000000 1801.350952
557250.000000 7134600.000000 0.000000 1801.366943
557250.000000 7134625.000000 0.000000 1801.366943
557300.000000 7134550.000000 0.000000 1801.389038
557250.000000 7134650.000000 0.000000 1801.390015
557300.000000 7134525.000000 0.000000 1801.405029
557300.000000 7134700.000000 0.000000 1801.433960
557250.000000 7134575.000000 0.000000 1801.447998
557300.000000 7134500.000000 0.000000 1801.462036
557350.000000 7134600.000000 0.000000 1801.464966
557350.000000 7134575.000000 0.000000 1801.473022
557250.000000 7134675.000000 0.000000 1801.505981
557350.000000 7134550.000000 0.000000 1801.511963
557350.000000 7134525.000000 0.000000 1801.526978
557350.000000 7134625.000000 0.000000 1801.529053
557250.000000 7134550.000000 0.000000 1801.568970
557250.000000 7134200.000000 0.000000 1801.577026
557350.000000 7134500.000000 0.000000 1801.583008
557350.000000 7134650.000000 0.000000 1801.593994
557350.000000 7134675.000000 0.000000 1801.605957
557300.000000 7134475.000000 0.000000 1801.609985
557350.000000 7134700.000000 0.000000 1801.633057
557200.000000 7134250.000000 0.000000 1801.640015
557300.000000 7134725.000000 0.000000 1801.645020
557200.000000 7134225.000000 0.000000 1801.646973
557200.000000 7134275.000000 0.000000 1801.657959
557250.000000 7134525.000000 0.000000 1801.667969
557250.000000 7134700.000000 0.000000 1801.677002
557200.000000 7134300.000000 0.000000 1801.687012
557250.000000 7134225.000000 0.000000 1801.737061
557350.000000 7134725.000000 0.000000 1801.754028
557200.000000 7134325.000000 0.000000 1801.776978
557300.000000 7134450.000000 0.000000 1801.782959
557150.000000 7134300.000000 0.000000 1801.785034
557350.000000 7134475.000000 0.000000 1801.791992
557250.000000 7134475.000000 0.000000 1801.807983
557250.000000 7134500.000000 0.000000 1801.822998
557150.000000 7134325.000000 0.000000 1801.824951
557250.000000 7134450.000000 0.000000 1801.834961
557200.000000 7134550.000000 0.000000 1801.843018
557200.000000 7134500.000000 0.000000 1801.845947
557250.000000 7134250.000000 0.000000 1801.848022
557150.000000 7134275.000000 0.000000 1801.848022
557200.000000 7134525.000000 0.000000 1801.848999
557300.000000 7134200.000000 0.000000 1801.850952
557200.000000 7134575.000000 0.000000 1801.850952
557200.000000 7134600.000000 0.000000 1801.878052
557250.000000 7134275.000000 0.000000 1801.885986
557200.000000 7134475.000000 0.000000 1801.890991
557200.000000 7134350.000000 0.000000 1801.891968
557150.000000 7134350.000000 0.000000 1801.894043
557200.000000 7134625.000000 0.000000 1801.907959
557150.000000 7134250.000000 0.000000 1801.916016
557200.000000 7134450.000000 0.000000 1801.921021
557300.000000 7134750.000000 0.000000 1801.935059
557150.000000 7134375.000000 0.000000 1801.937012
557250.000000 7134300.000000 0.000000 1801.938965
557200.000000 7134375.000000 0.000000 1801.951050
557150.000000 7134225.000000 0.000000 1801.954956
557200.000000 7134425.000000 0.000000 1801.959961
557400.000000 7134550.000000 0.000000 1801.959961
557300.000000 7134425.000000 0.000000 1801.961060
557350.000000 7134750.000000 0.000000 1801.964966
557250.000000 7134425.000000 0.000000 1801.967041
557150.000000 7134400.000000 0.000000 1801.969971
557150.000000 7134425.000000 0.000000 1801.972046
557150.000000 7134450.000000 0.000000 1801.973999
557400.000000 7134575.000000 0.000000 1801.978027
557200.000000 7134650.000000 0.000000 1801.978027
557250.000000 7134325.000000 0.000000 1801.978027
557200.000000 7134400.000000 0.000000 1801.980957
557150.000000 7134200.000000 0.000000 1801.984009
557300.000000 7134225.000000 0.000000 1801.984985
557250.000000 7134725.000000 0.000000 1802.001953
557150.000000 7134475.000000 0.000000 1802.008057
557350.000000 7134450.000000 0.000000 1802.008057
557400.000000 7134525.000000 0.000000 1802.009033
557100.000000 7134350.000000 0.000000 1802.009033
557100.000000 7134325.000000 0.000000 1802.015015
557150.000000 7134500.000000 0.000000 1802.040039
557250.000000 7134350.000000 0.000000 1802.043945
557100.000000 7134375.000000 0.000000 1802.052002
557100.000000 7134300.000000 0.000000 1802.062988
557400.000000 7134600.000000 0.000000 1802.067993
557150.000000 7134525.000000 0.000000 1802.072021
557150.000000 7134550.000000 0.000000 1802.074951
557150.000000 7134575.000000 0.000000 1802.074951
557150.000000 7134600.000000 0.000000 1802.078003
557250.000000 7134375.000000 0.000000 1802.084961
557100.000000 7134400.000000 0.000000 1802.093018
557250.000000 7134400.000000 0.000000 1802.098022
557300.000000 7134250.000000 0.000000 1802.098999
557300.000000 7134400.000000 0.000000 1802.114990
557400.000000 7134500.000000 0.000000 1802.119019
557200.000000 7134675.000000 0.000000 1802.121948
557100.000000 7134425.000000 0.000000 1802.130981
557100.000000 7134275.000000 0.000000 1802.134033
557350.000000 7134425.000000 0.000000 1802.144043
557300.000000 7134275.000000 0.000000 1802.146973
557100.000000 7134200.000000 0.000000 1802.152954
557400.000000 7134625.000000 0.000000 1802.156006
557400.000000 7134700.000000 0.000000 1802.157959
557100.000000 7134450.000000 0.000000 1802.161011
557450.000000 7134200.000000 0.000000 1802.171997
557350.000000 7134225.000000 0.000000 1802.182007
557300.000000 7134300.000000 0.000000 1802.182983
557400.000000 7134475.000000 0.000000 1802.183960
557100.000000 7134250.000000 0.000000 1802.185059
557300.000000 7134375.000000 0.000000 1802.188965
557400.000000 7134675.000000 0.000000 1802.192993
557350.000000 7134200.000000 0.000000 1802.193970
557350.000000 7134250.000000 0.000000 1802.196045
557100.000000 7134225.000000 0.000000 1802.199951
557100.000000 7134550.000000 0.000000 1802.203003
557100.000000 7134575.000000 0.000000 1802.212036
557300.000000 7134325.000000 0.000000 1802.214966
557100.000000 7134475.000000 0.000000 1802.217041
557150.000000 7134625.000000 0.000000 1802.224976
557300.000000 7134350.000000 0.000000 1802.229004
557350.000000 7134275.000000 0.000000 1802.232056
557100.000000 7134525.000000 0.000000 1802.240967
557050.000000 7134200.000000 0.000000 1802.243042
557400.000000 7134650.000000 0.000000 1802.253052
557350.000000 7134400.000000 0.000000 1802.260010
557400.000000 7134450.000000 0.000000 1802.264038
557100.000000 7134500.000000 0.000000 1802.265015
557350.000000 7134300.000000 0.000000 1802.270020
557100.000000 7134600.000000 0.000000 1802.274048
557400.000000 7134725.000000 0.000000 1802.276978
557400.000000 7134425.000000 0.000000 1802.296021
556950.000000 7134200.000000 0.000000 1802.296997
557400.000000 7134225.000000 0.000000 1802.296997
557050.000000 7134350.000000 0.000000 1802.297974
557450.000000 7134225.000000 0.000000 1802.298950
557400.000000 7134200.000000 0.000000 1802.302002
557050.000000 7134325.000000 0.000000 1802.303955
557400.000000 7134275.000000 0.000000 1802.310059
557050.000000 7134375.000000 0.000000 1802.311035
557450.000000 7134525.000000 0.000000 1802.312988
557450.000000 7134500.000000 0.000000 1802.312988
557400.000000 7134250.000000 0.000000 1802.314941
557350.000000 7134375.000000 0.000000 1802.316040
556900.000000 7134250.000000 0.000000 1802.317017
557400.000000 7134400.000000 0.000000 1802.317017
557400.000000 7134300.000000 0.000000 1802.317993
557200.000000 7134700.000000 0.000000 1802.322021
557350.000000 7134325.000000 0.000000 1802.323975
557300.000000 7134775.000000 0.000000 1802.327026
557050.000000 7134225.000000 0.000000 1802.328979
557450.000000 7134550.000000 0.000000 1802.331055
556900.000000 7134225.000000 0.000000 1802.333008
556900.000000 7134400.000000 0.000000 1802.333984
557000.000000 7134350.000000 0.000000 1802.336060
557050.000000 7134400.000000 0.000000 1802.338013
557500.000000 7134200.000000 0.000000 1802.338013
556900.000000 7134275.000000 0.000000 1802.338989
556950.000000 7134225.000000 0.000000 1802.339966
557250.000000 7134750.000000 0.000000 1802.339966
557350.000000 7134775.000000 0.000000 1802.345947
557050.000000 7134300.000000 0.000000 1802.345947
556950.000000 7134400.000000 0.000000 1802.350952
557450.000000 7134475.000000 0.000000 1802.353027
557350.000000 7134350.000000 0.000000 1802.357056
556900.000000 7134375.000000 0.000000 1802.359009
556950.000000 7134250.000000 0.000000 1802.359985
557050.000000 7134425.000000 0.000000 1802.364014
557000.000000 7134225.000000 0.000000 1802.364990
557000.000000 7134375.000000 0.000000 1802.364990
556900.000000 7134200.000000 0.000000 1802.365967
557050.000000 7134275.000000 0.000000 1802.368042
556950.000000 7134375.000000 0.000000 1802.369995
557450.000000 7134250.000000 0.000000 1802.369995
556900.000000 7134425.000000 0.000000 1802.371948
557000.000000 7134200.000000 0.000000 1802.371948
557500.000000 7134225.000000 0.000000 1802.373047
557150.000000 7134650.000000 0.000000 1802.375977
557450.000000 7134300.000000 0.000000 1802.376953
557450.000000 7134275.000000 0.000000 1802.378052
556900.000000 7134300.000000 0.000000 1802.379028
557000.000000 7134450.000000 0.000000 1802.379028
557050.000000 7134250.000000 0.000000 1802.379028
557400.000000 7134325.000000 0.000000 1802.380981
557000.000000 7134325.000000 0.000000 1802.380981
556950.000000 7134425.000000 0.000000 1802.383057
557000.000000 7134600.000000 0.000000 1802.383057
556950.000000 7134275.000000 0.000000 1802.384033
557400.000000 7134375.000000 0.000000 1802.385986
557550.000000 7134250.000000 0.000000 1802.386963
557000.000000 7134425.000000 0.000000 1802.389038
557050.000000 7134450.000000 0.000000 1802.390015
557450.000000 7134450.000000 0.000000 1802.390015
557000.000000 7134250.000000 0.000000 1802.394043
557000.000000 7134400.000000 0.000000 1802.396973
557450.000000 7134575.000000 0.000000 1802.397949
556900.000000 7134325.000000 0.000000 1802.397949
557550.000000 7134225.000000 0.000000 1802.404053
556950.000000 7134325.000000 0.000000 1802.404053
556950.000000 7134300.000000 0.000000 1802.407959
556900.000000 7134350.000000 0.000000 1802.410034
556950.000000 7134350.000000 0.000000 1802.410034
557000.000000 7134475.000000 0.000000 1802.410034
557050.000000 7134575.000000 0.000000 1802.411987
557050.000000 7134475.000000 0.000000 1802.412964
557000.000000 7134275.000000 0.000000 1802.412964
556950.000000 7134450.000000 0.000000 1802.412964
556900.000000 7134450.000000 0.000000 1802.420044
557000.000000 7134300.000000 0.000000 1802.420044
557500.000000 7134250.000000 0.000000 1802.421021
557400.000000 7134350.000000 0.000000 1802.427002
557450.000000 7134325.000000 0.000000 1802.430054
557450.000000 7134425.000000 0.000000 1802.430054
557600.000000 7134225.000000 0.000000 1802.438965
557050.000000 7134550.000000 0.000000 1802.441040
557050.000000 7134525.000000 0.000000 1802.442017
557100.000000 7134625.000000 0.000000 1802.443970
557050.000000 7134500.000000 0.000000 1802.443970
556950.000000 7134475.000000 0.000000 1802.447021
557600.000000 7134250.000000 0.000000 1802.447021
557450.000000 7134400.000000 0.000000 1802.452026
557600.000000 7134200.000000 0.000000 1802.454956
557000.000000 7134500.000000 0.000000 1802.462036
557550.000000 7134200.000000 0.000000 1802.462036
556900.000000 7134475.000000 0.000000 1802.463989
557500.000000 7134275.000000 0.000000 1802.467041
557550.000000 7134275.000000 0.000000 1802.468018
557050.000000 7134600.000000 0.000000 1802.470947
557400.000000 7134750.000000 0.000000 1802.474976
557450.000000 7134375.000000 0.000000 1802.474976
557500.000000 7134500.000000 0.000000 1802.477051
557000.000000 7134575.000000 0.000000 1802.478027
557450.000000 7134350.000000 0.000000 1802.478027
557450.000000 7134600.000000 0.000000 1802.485962
557550.000000 7134500.000000 0.000000 1802.488037
556950.000000 7134500.000000 0.000000 1802.489014
557200.000000 7134725.000000 0.000000 1802.489990
556900.000000 7134500.000000 0.000000 1802.494995
557150.000000 7134675.000000 0.000000 1802.495972
557600.000000 7134275.000000 0.000000 1802.500000
557000.000000 7134625.000000 0.000000 1802.503052
557500.000000 7134475.000000 0.000000 1802.505005
557500.000000 7134325.000000 0.000000 1802.508057
557500.000000 7134350.000000 0.000000 1802.509033
557500.000000 7134300.000000 0.000000 1802.510986
557500.000000 7134525.000000 0.000000 1802.526001
556950.000000 7134525.000000 0.000000 1802.529053
557000.000000 7134525.000000 0.000000 1802.531982
557250.000000 7134775.000000 0.000000 1802.534058
556900.000000 7134525.000000 0.000000 1802.536987
557550.000000 7134475.000000 0.000000 1802.546021
557550.000000 7134300.000000 0.000000 1802.551025
557550.000000 7134350.000000 0.000000 1802.555054
556950.000000 7134550.000000 0.000000 1802.557983
556950.000000 7134575.000000 0.000000 1802.558960
557550.000000 7134325.000000 0.000000 1802.561035
556950.000000 7134600.000000 0.000000 1802.562012
556900.000000 7134575.000000 0.000000 1802.564941
557450.000000 7134625.000000 0.000000 1802.566040
557500.000000 7134375.000000 0.000000 1802.566040
556900.000000 7134550.000000 0.000000 1802.567017
557050.000000 7134625.000000 0.000000 1802.567993
557600.000000 7134300.000000 0.000000 1802.568970
557500.000000 7134450.000000 0.000000 1802.571045
556900.000000 7134600.000000 0.000000 1802.576050
557000.000000 7134550.000000 0.000000 1802.582031
557550.000000 7134375.000000 0.000000 1802.593018
556950.000000 7134625.000000 0.000000 1802.597046
557150.000000 7134700.000000 0.000000 1802.602051
557500.000000 7134550.000000 0.000000 1802.604980
557500.000000 7134425.000000 0.000000 1802.608032
557450.000000 7134700.000000 0.000000 1802.610962
557450.000000 7134675.000000 0.000000 1802.613037
557650.000000 7134475.000000 0.000000 1802.615967
557550.000000 7134525.000000 0.000000 1802.615967
557500.000000 7134400.000000 0.000000 1802.623047
557550.000000 7134400.000000 0.000000 1802.623047
557100.000000 7134650.000000 0.000000 1802.624023
557450.000000 7134650.000000 0.000000 1802.624023
556900.000000 7134625.000000 0.000000 1802.625000
557650.000000 7134500.000000 0.000000 1802.628052
557500.000000 7134575.000000 0.000000 1802.631958
557400.000000 7134775.000000 0.000000 1802.631958
557550.000000 7134450.000000 0.000000 1802.633057
557600.000000 7134475.000000 0.000000 1802.634033
557600.000000 7134325.000000 0.000000 1802.635010
557700.000000 7134475.000000 0.000000 1802.646973
557550.000000 7134425.000000 0.000000 1802.646973
557200.000000 7134750.000000 0.000000 1802.651001
557600.000000 7134450.000000 0.000000 1802.655029
557850.000000 7134600.000000 0.000000 1802.656006
557000.000000 7134650.000000 0.000000 1802.659058
557600.000000 7134500.000000 0.000000 1802.659058
557750.000000 7134475.000000 0.000000 1802.663940
556950.000000 7134650.000000 0.000000 1802.666992
557500.000000 7134600.000000 0.000000 1802.666992
557300.000000 7134800.000000 0.000000 1802.673950
557450.000000 7134725.000000 0.000000 1802.675049
557250.000000 7134800.000000 0.000000 1802.675049
557600.000000 7134425.000000 0.000000 1802.675049
557750.000000 7134500.000000 0.000000 1802.687012
557600.000000 7134350.000000 0.000000 1802.687988
557600.000000 7134400.000000 0.000000 1802.689941
557850.000000 7134625.000000 0.000000 1802.692017
557600.000000 7134375.000000 0.000000 1802.692993
557350.000000 7134800.000000 0.000000 1802.692993
557700.000000 7134500.000000 0.000000 1802.693970
557150.000000 7134725.000000 0.000000 1802.697998
557550.000000 7134600.000000 0.000000 1802.699951
557100.000000 7134675.000000 0.000000 1802.701050
556900.000000 7134650.000000 0.000000 1802.701050
557600.000000 7134600.000000 0.000000 1802.723022
557200.000000 7134775.000000 0.000000 1802.725952
557050.000000 7134650.000000 0.000000 1802.728027
557550.000000 7134575.000000 0.000000 1802.728027
557550.000000 7134550.000000 0.000000 1802.732056
557650.000000 7134525.000000 0.000000 1802.733032
557800.000000 7134650.000000 0.000000 1802.733032
557500.000000 7134625.000000 0.000000 1802.734009
557850.000000 7134575.000000 0.000000 1802.735962
557600.000000 7134525.000000 0.000000 1802.737061
556900.000000 7134675.000000 0.000000 1802.741943
557100.000000 7134700.000000 0.000000 1802.744995
556950.000000 7134675.000000 0.000000 1802.748047
557800.000000 7134625.000000 0.000000 1802.748047
557800.000000 7134475.000000 0.000000 1802.761963
557800.000000 7134675.000000 0.000000 1802.764038
557400.000000 7134800.000000 0.000000 1802.769043
557200.000000 7134800.000000 0.000000 1802.770996
557600.000000 7134575.000000 0.000000 1802.771973
557150.000000 7134750.000000 0.000000 1802.774048
557650.000000 7134600.000000 0.000000 1802.775024
557500.000000 7134700.000000 0.000000 1802.777954
556900.000000 7134700.000000 0.000000 1802.779053
557700.000000 7134600.000000 0.000000 1802.779053
557450.000000 7134750.000000 0.000000 1802.781006
557850.000000 7134475.000000 0.000000 1802.782959
557600.000000 7134625.000000 0.000000 1802.785034
557250.000000 7134825.000000 0.000000 1802.786987
557550.000000 7134625.000000 0.000000 1802.788940
557000.000000 7134675.000000 0.000000 1802.790039
557750.000000 7134525.000000 0.000000 1802.791992
557500.000000 7134675.000000 0.000000 1802.793945
557800.000000 7134600.000000 0.000000 1802.796021
557500.000000 7134650.000000 0.000000 1802.796997
557700.000000 7134525.000000 0.000000 1802.797974
557650.000000 7134575.000000 0.000000 1802.802002
557600.000000 7134550.000000 0.000000 1802.807007
557850.000000 7134500.000000 0.000000 1802.807983
557050.000000 7134675.000000 0.000000 1802.808960
557850.000000 7134550.000000 0.000000 1802.808960
557800.000000 7134500.000000 0.000000 1802.810059
557650.000000 7134625.000000 0.000000 1802.812012
556950.000000 7134700.000000 0.000000 1802.812988
557650.000000 7134550.000000 0.000000 1802.816040
557700.000000 7134625.000000 0.000000 1802.822998
557100.000000 7134725.000000 0.000000 1802.824951
557750.000000 7134625.000000 0.000000 1802.824951
557300.000000 7134825.000000 0.000000 1802.824951
557850.000000 7134525.000000 0.000000 1802.827026
557500.000000 7134725.000000 0.000000 1802.828003
556900.000000 7134725.000000 0.000000 1802.838013
557350.000000 7134825.000000 0.000000 1802.838989
557200.000000 7134825.000000 0.000000 1802.842041
557700.000000 7134575.000000 0.000000 1802.843018
557150.000000 7134775.000000 0.000000 1802.843994
557750.000000 7134600.000000 0.000000 1802.845947
556950.000000 7134725.000000 0.000000 1802.848022
557050.000000 7134700.000000 0.000000 1802.858032
557400.000000 7134825.000000 0.000000 1802.863037
557250.000000 7134850.000000 0.000000 1802.863037
557450.000000 7134775.000000 0.000000 1802.863037
557800.000000 7134575.000000 0.000000 1802.866943
557750.000000 7134550.000000 0.000000 1802.869019
557750.000000 7134575.000000 0.000000 1802.874023
557800.000000 7134525.000000 0.000000 1802.875977
556950.000000 7134750.000000 0.000000 1802.880981
557000.000000 7134700.000000 0.000000 1802.881958
557700.000000 7134550.000000 0.000000 1802.890015
557500.000000 7134750.000000 0.000000 1802.890991
557700.000000 7134650.000000 0.000000 1802.890991
557000.000000 7134725.000000 0.000000 1802.891968
557550.000000 7134650.000000 0.000000 1802.894043
556900.000000 7134750.000000 0.000000 1802.895020
557150.000000 7134800.000000 0.000000 1802.895996
557000.000000 7134750.000000 0.000000 1802.897949
557300.000000 7134850.000000 0.000000 1802.897949
556900.000000 7134850.000000 0.000000 1802.899048
557100.000000 7134750.000000 0.000000 1802.899048
557050.000000 7134725.000000 0.000000 1802.901001
557350.000000 7134850.000000 0.000000 1802.902954
556900.000000 7134825.000000 0.000000 1802.904053
557200.000000 7134850.000000 0.000000 1802.910034
556900.000000 7134800.000000 0.000000 1802.911987
556900.000000 7134875.000000 0.000000 1802.916016
556900.000000 7134775.000000 0.000000 1802.916016
557400.000000 7134850.000000 0.000000 1802.918945
557700.000000 7134675.000000 0.000000 1802.918945
557550.000000 7134675.000000 0.000000 1802.922974
557800.000000 7134550.000000 0.000000 1802.925049
557450.000000 7134800.000000 0.000000 1802.928955
557250.000000 7134875.000000 0.000000 1802.931030
557150.000000 7134825.000000 0.000000 1802.936035
557550.000000 7134700.000000 0.000000 1802.937012
557100.000000 7134775.000000 0.000000 1802.937012
557300.000000 7134875.000000 0.000000 1802.939941
557600.000000 7134675.000000 0.000000 1802.942017
557050.000000 7134750.000000 0.000000 1802.944946
557500.000000 7134775.000000 0.000000 1802.946045
557450.000000 7134825.000000 0.000000 1802.952026
557350.000000 7134875.000000 0.000000 1802.952026
556950.000000 7134775.000000 0.000000 1802.959961
557100.000000 7134800.000000 0.000000 1802.961060
557000.000000 7134775.000000 0.000000 1802.963013
557550.000000 7134725.000000 0.000000 1802.965942
557450.000000 7134850.000000 0.000000 1802.967041
557200.000000 7134875.000000 0.000000 1802.970947
557150.000000 7134850.000000 0.000000 1802.975952
557400.000000 7134875.000000 0.000000 1802.978027
556950.000000 7134850.000000 0.000000 1802.980957
557500.000000 7134800.000000 0.000000 1802.985962
556950.000000 7134875.000000 0.000000 1802.987061
557600.000000 7134700.000000 0.000000 1802.990967
557100.000000 7134825.000000 0.000000 1802.994019
557050.000000 7134775.000000 0.000000 1802.998047
557550.000000 7134750.000000 0.000000 1803.001953
557450.000000 7134875.000000 0.000000 1803.011963
556950.000000 7134825.000000 0.000000 1803.011963
557100.000000 7134850.000000 0.000000 1803.014038
557150.000000 7134875.000000 0.000000 1803.015015
557500.000000 7134825.000000 0.000000 1803.020996
557000.000000 7134800.000000 0.000000 1803.021973
557550.000000 7134775.000000 0.000000 1803.026978
557100.000000 7134875.000000 0.000000 1803.027954
557600.000000 7134725.000000 0.000000 1803.029053
556950.000000 7134800.000000 0.000000 1803.031006
557550.000000 7134800.000000 0.000000 1803.040039
557550.000000 7134825.000000 0.000000 1803.046997
557000.000000 7134825.000000 0.000000 1803.050049
557050.000000 7134800.000000 0.000000 1803.050049
557550.000000 7134850.000000 0.000000 1803.051025
557000.000000 7134875.000000 0.000000 1803.053955
557000.000000 7134850.000000 0.000000 1803.055054
557500.000000 7134850.000000 0.000000 1803.055054
557050.000000 7134875.000000 0.000000 1803.062988
557600.000000 7134750.000000 0.000000 1803.064941
557050.000000 7134825.000000 0.000000 1803.068970
557500.000000 7134875.000000 0.000000 1803.074951
557050.000000 7134850.000000 0.000000 1803.076050
557600.000000 7134875.000000 0.000000 1803.088013
557550.000000 7134875.000000 0.000000 1803.098022
557600.000000 7134775.000000 0.000000 1803.098999
557600.000000 7134850.000000 0.000000 1803.108032
557600.000000 7134825.000000 0.000000 1803.118042
557600.000000 7134800.000000 0.000000 1803.125000
556600.000000 7133400.000000 0.000000 1802.503052
556625.000000 7133400.000000 0.000000 1802.463013
556650.000000 7133400.000000 0.000000 1802.542969
556675.000000 7133400.000000 0.000000 1802.442993
556700.000000 7133400.000000 0.000000 1802.473022
556725.000000 7133400.000000 0.000000 1802.473022
556750.000000 7133400.000000 0.000000 1802.493042
556775.000000 7133400.000000 0.000000 1802.373047
556800.000000 7133400.000000 0.000000 1802.512939
556825.000000 7133400.000000 0.000000 1802.512939
556850.000000 7133400.000000 0.000000 1802.512939
556875.000000 7133400.000000 0.000000 1802.503052
556900.000000 7133400.000000 0.000000 1802.493042
556925.000000 7133400.000000 0.000000 1802.512939
556950.000000 7133400.000000 0.000000 1802.542969
556975.000000 7133400.000000 0.000000 1802.562988
557000.000000 7133400.000000 0.000000 1802.633057
557025.000000 7133400.000000 0.000000 1802.562988
557050.000000 7133400.000000 0.000000 1802.552979
557075.000000 7133400.000000 0.000000 1802.512939
557100.000000 7133400.000000 0.000000 1802.522949
557125.000000 7133400.000000 0.000000 1802.542969
557150.000000 7133400.000000 0.000000 1802.562988
557175.000000 7133400.000000 0.000000 1802.542969
557200.000000 7133400.000000 0.000000 1802.572998
557225.000000 7133400.000000 0.000000 1802.552979
557250.000000 7133400.000000 0.000000 1802.542969
557275.000000 7133400.000000 0.000000 1802.562988
557300.000000 7133400.000000 0.000000 1802.692993
557325.000000 7133400.000000 0.000000 1802.613037
557350.000000 7133400.000000 0.000000 1802.672974
557375.000000 7133400.000000 0.000000 1802.662964
557400.000000 7133400.000000 0.000000 1802.633057
557425.000000 7133400.000000 0.000000 1802.623047
557450.000000 7133400.000000 0.000000 1802.662964
557475.000000 7133400.000000 0.000000 1802.633057
557500.000000 7133400.000000 0.000000 1802.662964
557525.000000 7133400.000000 0.000000 1802.692993
557550.000000 7133400.000000 0.000000 1802.662964
557575.000000 7133400.000000 0.000000 1802.672974
557600.000000 7133400.000000 0.000000 1802.692993
557625.000000 7133400.000000 0.000000 1802.662964
557650.000000 7133400.000000 0.000000 1802.682983
557675.000000 7133400.000000 0.000000 1802.603027
557700.000000 7133400.000000 0.000000 1802.703003
557725.000000 7133400.000000 0.000000 1802.652954
557750.000000 7133400.000000 0.000000 1802.642944
557775.000000 7133400.000000 0.000000 1802.733032
557800.000000 7133400.000000 0.000000 1802.733032
556600.000000 7133500.000000 0.000000 1802.613037
556625.000000 7133500.000000 0.000000 1802.593018
556650.000000 7133500.000000 0.000000 1802.522949
556675.000000 7133500.000000 0.000000 1802.402954
556700.000000 7133500.000000 0.000000 1802.572998
556725.000000 7133500.000000 0.000000 1802.542969
556750.000000 7133500.000000 0.000000 1802.522949
556775.000000 7133500.000000 0.000000 1802.532959
556800.000000 7133500.000000 0.000000 1802.532959
556825.000000 7133500.000000 0.000000 1802.522949
556850.000000 7133500.000000 0.000000 1802.522949
556875.000000 7133500.000000 0.000000 1802.503052
556900.000000 7133500.000000 0.000000 1802.503052
556925.000000 7133500.000000 0.000000 1802.542969
556950.000000 7133500.000000 0.000000 1802.432983
556975.000000 7133500.000000 0.000000 1802.322998
557000.000000 7133500.000000 0.000000 1802.322998
557025.000000 7133500.000000 0.000000 1802.312988
557050.000000 7133500.000000 0.000000 1802.243042
557075.000000 7133500.000000 0.000000 1802.192993
557100.000000 7133500.000000 0.000000 1802.223022
557125.000000 7133500.000000 0.000000 1802.192993
557150.000000 7133500.000000 0.000000 1802.223022
557175.000000 7133500.000000 0.000000 1802.312988
557200.000000 7133500.000000 0.000000 1802.302979
557225.000000 7133500.000000 0.000000 1802.243042
557250.000000 7133500.000000 0.000000 1802.392944
557275.000000 7133500.000000 0.000000 1802.383057
557300.000000 7133500.000000 0.000000 1802.432983
557325.000000 7133500.000000 0.000000 1802.463013
557350.000000 7133500.000000 0.000000 1802.473022
557375.000000 7133500.000000 0.000000 1802.503052
557400.000000 7133500.000000 0.000000 1802.532959
557425.000000 7133500.000000 0.000000 1802.552979
557450.000000 7133500.000000 0.000000 1802.583008
557475.000000 7133500.000000 0.000000 1802.562988
557500.000000 7133500.000000 0.000000 1802.623047
557525.000000 7133500.000000 0.000000 1802.672974
557550.000000 7133500.000000 0.000000 1802.593018
557575.000000 7133500.000000 0.000000 1802.713013
557600.000000 7133500.000000 0.000000 1802.733032
557625.000000 7133500.000000 0.000000 1802.743042
557650.000000 7133500.000000 0.000000 1802.733032
557675.000000 7133500.000000 0.000000 1802.762939
557700.000000 7133500.000000 0.000000 1802.692993
557725.000000 7133500.000000 0.000000 1802.753052
557750.000000 7133500.000000 0.000000 1802.812988
557775.000000 7133500.000000 0.000000 1802.743042
557800.000000 7133500.000000 0.000000 1802.792969
556600.000000 7133600.000000 0.000000 1802.623047
556625.000000 7133600.000000 0.000000 1802.593018
556650.000000 7133600.000000 0.000000 1802.633057
556675.000000 7133600.000000 0.000000 1802.572998
556700.000000 7133600.000000 0.000000 1802.562988
556725.000000 7133600.000000 0.000000 1802.542969
556750.000000 7133600.000000 0.000000 1802.593018
556775.000000 7133600.000000 0.000000 1802.562988
556800.000000 7133600.000000 0.000000 1802.562988
556825.000000 7133600.000000 0.000000 1802.723022
556850.000000 7133600.000000 0.000000 1802.422974
556875.000000 7133600.000000 0.000000 1802.412964
556900.000000 7133600.000000 0.000000 1802.322998
556925.000000 7133600.000000 0.000000 1802.172974
556950.000000 7133600.000000 0.000000 1802.123047
556975.000000 7133600.000000 0.000000 1801.993042
557000.000000 7133600.000000 0.000000 1801.892944
557025.000000 7133600.000000 0.000000 1801.662964
557050.000000 7133600.000000 0.000000 1801.623047
557075.000000 7133600.000000 0.000000 1801.562988
557100.000000 7133600.000000 0.000000 1801.373047
557125.000000 7133600.000000 0.000000 1801.253052
557150.000000 7133600.000000 0.000000 1801.383057
557175.000000 7133600.000000 0.000000 1801.402954
557200.000000 7133600.000000 0.000000 1801.613037
557225.000000 7133600.000000 0.000000 1801.833008
557250.000000 7133600.000000 0.000000 1801.983032
557275.000000 7133600.000000 0.000000 1802.113037
557300.000000 7133600.000000 0.000000 1802.162964
557325.000000 7133600.000000 0.000000 1802.243042
557350.000000 7133600.000000 0.000000 1802.282959
557375.000000 7133600.000000 0.000000 1802.312988
557400.000000 7133600.000000 0.000000 1802.292969
557425.000000 7133600.000000 0.000000 1802.412964
557450.000000 7133600.000000 0.000000 1802.432983
557475.000000 7133600.000000 0.000000 1802.522949
557500.000000 7133600.000000 0.000000 1802.503052
557525.000000 7133600.000000 0.000000 1802.562988
557550.000000 7133600.000000 0.000000 1802.603027
557575.000000 7133600.000000 0.000000 1802.583008
557600.000000 7133600.000000 0.000000 1802.623047
557625.000000 7133600.000000 0.000000 1802.733032
557650.000000 7133600.000000 0.000000 1802.623047
557675.000000 7133600.000000 0.000000 1802.633057
557700.000000 7133600.000000 0.000000 1802.733032
557725.000000 7133600.000000 0.000000 1802.822998
557750.000000 7133600.000000 0.000000 1802.833008
557775.000000 7133600.000000 0.000000 1802.802979
557800.000000 7133600.000000 0.000000 1802.782959
556600.000000 7133700.000000 0.000000 1802.633057
556625.000000 7133700.000000 0.000000 1802.613037
556650.000000 7133700.000000 0.000000 1802.542969
556675.000000 7133700.000000 0.000000 1802.562988
556700.000000 7133700.000000 0.000000 1802.542969
556725.000000 7133700.000000 0.000000 1802.572998
556750.000000 7133700.000000 0.000000 1802.552979
556775.000000 7133700.000000 0.000000 1802.552979
556800.000000 7133700.000000 0.000000 1802.483032
556825.000000 7133700.000000 0.000000 1802.412964
556850.000000 7133700.000000 0.000000 1802.363037
556875.000000 7133700.000000 0.000000 1802.373047
556900.000000 7133700.000000 0.000000 1802.162964
556925.000000 7133700.000000 0.000000 1802.133057
556950.000000 7133700.000000 0.000000 1802.223022
556975.000000 7133700.000000 0.000000 1802.022949
557000.000000 7133700.000000 0.000000 1801.772949
557025.000000 7133700.000000 0.000000 1801.552979
557050.000000 7133700.000000 0.000000 1801.432983
557075.000000 7133700.000000 0.000000 1801.322998
557100.000000 7133700.000000 0.000000 1801.192993
557125.000000 7133700.000000 0.000000 1801.062988
557150.000000 7133700.000000 0.000000 1801.022949
557175.000000 7133700.000000 0.000000 1800.902954
557200.000000 7133700.000000 0.000000 1800.932983
557225.000000 7133700.000000 0.000000 1801.012939
557250.000000 7133700.000000 0.000000 1801.162964
557275.000000 7133700.000000 0.000000 1801.292969
557300.000000 7133700.000000 0.000000 1801.353027
557325.000000 7133700.000000 0.000000 1801.243042
557350.000000 7133700.000000 0.000000 1801.113037
557375.000000 7133700.000000 0.000000 1801.253052
557400.000000 7133700.000000 0.000000 1801.473022
557425.000000 7133700.000000 0.000000 1801.833008
557450.000000 7133700.000000 0.000000 1802.042969
557475.000000 7133700.000000 0.000000 1802.113037
557500.000000 7133700.000000 0.000000 1802.253052
557525.000000 7133700.000000 0.000000 1802.333008
557550.000000 7133700.000000 0.000000 1802.432983
557575.000000 7133700.000000 0.000000 1802.442993
557600.000000 7133700.000000 0.000000 1802.282959
557625.000000 7133700.000000 0.000000 1802.493042
557650.000000 7133700.000000 0.000000 1802.522949
557675.000000 7133700.000000 0.000000 1802.572998
557700.000000 7133700.000000 0.000000 1802.572998
557725.000000 7133700.000000 0.000000 1802.542969
557750.000000 7133700.000000 0.000000 1802.572998
557775.000000 7133700.000000 0.000000 1802.542969
557800.000000 7133700.000000 0.000000 1802.623047
556600.000000 7133800.000000 0.000000 1802.542969
556625.000000 7133800.000000 0.000000 1802.532959
556650.000000 7133800.000000 0.000000 1802.493042
556675.000000 7133800.000000 0.000000 1802.473022
556700.000000 7133800.000000 0.000000 1802.562988
556725.000000 7133800.000000 0.000000 1802.473022
556750.000000 7133800.000000 0.000000 1802.373047
556775.000000 7133800.000000 0.000000 1802.373047
556800.000000 7133800.000000 0.000000 1802.402954
556825.000000 7133800.000000 0.000000 1802.412964
556850.000000 7133800.000000 0.000000 1802.373047
556875.000000 7133800.000000 0.000000 1802.272949
556900.000000 7133800.000000 0.000000 1802.213013
556925.000000 7133800.000000 0.000000 1802.233032
556950.000000 7133800.000000 0.000000 1802.223022
556975.000000 7133800.000000 0.000000 1802.123047
557000.000000 7133800.000000 0.000000 1801.953003
557025.000000 7133800.000000 0.000000 1801.662964
557050.000000 7133800.000000 0.000000 1801.652954
557075.000000 7133800.000000 0.000000 1801.402954
557100.000000 7133800.000000 0.000000 1801.272949
557125.000000 7133800.000000 0.000000 1801.083008
557150.000000 7133800.000000 0.000000 1801.103027
557175.000000 7133800.000000 0.000000 1800.802979
557200.000000 7133800.000000 0.000000 1800.782959
557225.000000 7133800.000000 0.000000 1800.772949
557250.000000 7133800.000000 0.000000 1800.762939
557275.000000 7133800.000000 0.000000 1800.613037
557300.000000 7133800.000000 0.000000 1800.562988
557325.000000 7133800.000000 0.000000 1800.532959
557350.000000 7133800.000000 0.000000 1800.583008
557375.000000 7133800.000000 0.000000 1800.833008
557400.000000 7133800.000000 0.000000 1801.032959
557425.000000 7133800.000000 0.000000 1801.322998
557450.000000 7133800.000000 0.000000 1801.713013
557475.000000 7133800.000000 0.000000 1801.902954
557500.000000 7133800.000000 0.000000 1802.042969
557525.000000 7133800.000000 0.000000 1802.253052
557550.000000 7133800.000000 0.000000 1802.272949
557575.000000 7133800.000000 0.000000 1802.333008
557600.000000 7133800.000000 0.000000 1802.412964
557625.000000 7133800.000000 0.000000 1802.402954
557650.000000 7133800.000000 0.000000 1802.392944
557675.000000 7133800.000000 0.000000 1802.392944
557700.000000 7133800.000000 0.000000 1802.412964
557725.000000 7133800.000000 0.000000 1802.503052
557750.000000 7133800.000000 0.000000 1802.512939
557775.000000 7133800.000000 0.000000 1802.552979
557800.000000 7133800.000000 0.000000 1802.522949
556600.000000 7133900.000000 0.000000 1802.453003
556625.000000 7133900.000000 0.000000 1802.503052
556650.000000 7133900.000000 0.000000 1802.483032
556675.000000 7133900.000000 0.000000 1802.493042
556700.000000 7133900.000000 0.000000 1802.432983
556725.000000 7133900.000000 0.000000 1802.412964
556750.000000 7133900.000000 0.000000 1802.383057
556775.000000 7133900.000000 0.000000 1802.373047
556800.000000 7133900.000000 0.000000 1802.442993
556825.000000 7133900.000000 0.000000 1802.363037
556850.000000 7133900.000000 0.000000 1802.302979
556875.000000 7133900.000000 0.000000 1802.353027
556900.000000 7133900.000000 0.000000 1802.262939
556925.000000 7133900.000000 0.000000 1802.223022
556950.000000 7133900.000000 0.000000 1802.223022
556975.000000 7133900.000000 0.000000 1802.182983
557000.000000 7133900.000000 0.000000 1802.203003
557025.000000 7133900.000000 0.000000 1802.062988
557050.000000 7133900.000000 0.000000 1801.983032
557075.000000 7133900.000000 0.000000 1801.853027
557100.000000 7133900.000000 0.000000 1801.743042
557125.000000 7133900.000000 0.000000 1801.522949
557150.000000 7133900.000000 0.000000 1801.473022
557175.000000 7133900.000000 0.000000 1801.343018
557200.000000 7133900.000000 0.000000 1801.192993
557225.000000 7133900.000000 0.000000 1801.093018
557250.000000 7133900.000000 0.000000 1801.022949
557275.000000 7133900.000000 0.000000 1801.032959
557300.000000 7133900.000000 0.000000 1800.973022
557325.000000 7133900.000000 0.000000 1801.003052
557350.000000 7133900.000000 0.000000 1801.062988
557375.000000 7133900.000000 0.000000 1801.093018
557400.000000 7133900.000000 0.000000 1801.333008
557425.000000 7133900.000000 0.000000 1801.572998
557450.000000 7133900.000000 0.000000 1801.812988
557475.000000 7133900.000000 0.000000 1801.983032
557500.000000 7133900.000000 0.000000 1802.162964
557525.000000 7133900.000000 0.000000 1802.103027
557550.000000 7133900.000000 0.000000 1802.282959
557575.000000 7133900.000000 0.000000 1802.272949
557600.000000 7133900.000000 0.000000 1802.402954
557625.000000 7133900.000000 0.000000 1802.353027
557650.000000 7133900.000000 0.000000 1802.522949
557675.000000 7133900.000000 0.000000 1802.493042
557700.000000 7133900.000000 0.000000 1802.503052
557725.000000 7133900.000000 0.000000 1802.503052
557750.000000 7133900.000000 0.000000 1802.503052
557775.000000 7133900.000000 0.000000 1802.562988
557800.000000 7133900.000000 0.000000 1802.572998
556600.000000 7134000.000000 0.000000 1802.453003
556625.000000 7134000.000000 0.000000 1802.442993
556650.000000 7134000.000000 0.000000 1802.412964
556675.000000 7134000.000000 0.000000 1802.432983
556700.000000 7134000.000000 0.000000 1802.432983
556725.000000 7134000.000000 0.000000 1802.412964
556750.000000 7134000.000000 0.000000 1802.383057
556775.000000 7134000.000000 0.000000 1802.392944
556800.000000 7134000.000000 0.000000 1802.343018
556825.000000 7134000.000000 0.000000 1802.282959
556850.000000 7134000.000000 0.000000 1802.363037
556875.000000 7134000.000000 0.000000 1802.512939
556900.000000 7134000.000000 0.000000 1802.493042
556925.000000 7134000.000000 0.000000 1802.272949
556950.000000 7134000.000000 0.000000 1802.223022
556975.000000 7134000.000000 0.000000 1802.253052
557000.000000 7134000.000000 0.000000 1802.233032
557025.000000 7134000.000000 0.000000 1802.213013
557050.000000 7134000.000000 0.000000 1802.113037
557075.000000 7134000.000000 0.000000 1802.042969
557100.000000 7134000.000000 0.000000 1802.042969
557125.000000 7134000.000000 0.000000 1801.973022
557150.000000 7134000.000000 0.000000 1801.762939
557175.000000 7134000.000000 0.000000 1801.542969
557200.000000 7134000.000000 0.000000 1801.463013
557225.000000 7134000.000000 0.000000 1801.353027
557250.000000 7134000.000000 0.000000 1801.223022
557275.000000 7134000.000000 0.000000 1801.152954
557300.000000 7134000.000000 0.000000 1801.223022
557325.000000 7134000.000000 0.000000 1801.312988
557350.000000 7134000.000000 0.000000 1801.483032
557375.000000 7134000.000000 0.000000 1801.802979
557400.000000 7134000.000000 0.000000 1801.802979
557425.000000 7134000.000000 0.000000 1801.753052
557450.000000 7134000.000000 0.000000 1802.012939
557475.000000 7134000.000000 0.000000 1802.133057
557500.000000 7134000.000000 0.000000 1802.192993
557525.000000 7134000.000000 0.000000 1802.192993
557550.000000 7134000.000000 0.000000 1802.213013
557575.000000 7134000.000000 0.000000 1802.353027
557600.000000 7134000.000000 0.000000 1802.412964
557625.000000 7134000.000000 0.000000 1802.422974
557650.000000 7134000.000000 0.000000 1802.473022
557675.000000 7134000.000000 0.000000 1802.493042
557700.000000 7134000.000000 0.000000 1802.522949
557725.000000 7134000.000000 0.000000 1802.532959
557750.000000 7134000.000000 0.000000 1802.432983
557775.000000 7134000.000000 0.000000 1802.613037
557800.000000 7134000.000000 0.000000 1802.623047
556600.000000 7134100.000000 0.000000 1802.422974
556625.000000 7134100.000000 0.000000 1802.402954
556650.000000 7134100.000000 0.000000 1802.453003
556675.000000 7134100.000000 0.000000 1802.422974
556700.000000 7134100.000000 0.000000 1802.453003
556725.000000 7134100.000000 0.000000 1802.412964
556750.000000 7134100.000000 0.000000 1802.363037
556775.000000 7134100.000000 0.000000 1802.333008
556800.000000 7134100.000000 0.000000 1802.322998
556825.000000 7134100.000000 0.000000 1802.383057
556850.000000 7134100.000000 0.000000 1802.343018
556875.000000 7134100.000000 0.000000 1802.343018
556900.000000 7134100.000000 0.000000 1802.282959
556925.000000 7134100.000000 0.000000 1802.322998
556950.000000 7134100.000000 0.000000 1802.302979
556975.000000 7134100.000000 0.000000 1802.302979
557000.000000 7134100.000000 0.000000 1802.253052
557025.000000 7134100.000000 0.000000 1802.203003
557050.000000 7134100.000000 0.000000 1802.292969
557075.000000 7134100.000000 0.000000 1802.192993
557100.000000 7134100.000000 0.000000 1802.142944
557125.000000 7134100.000000 0.000000 1802.062988
557150.000000 7134100.000000 0.000000 1801.932983
557175.000000 7134100.000000 0.000000 1801.682983
557200.000000 7134100.000000 0.000000 1801.623047
557225.000000 7134100.000000 0.000000 1801.412964
557250.000000 7134100.000000 0.000000 1801.343018
557275.000000 7134100.000000 0.000000 1801.322998
557300.000000 7134100.000000 0.000000 1801.363037
557325.000000 7134100.000000 0.000000 1801.412964
557350.000000 7134100.000000 0.000000 1801.552979
557375.000000 7134100.000000 0.000000 1801.822998
557400.000000 7134100.000000 0.000000 1802.003052
557425.000000 7134100.000000 0.000000 1802.103027
557450.000000 7134100.000000 0.000000 1802.172974
557475.000000 7134100.000000 0.000000 1802.243042
557500.000000 7134100.000000 0.000000 1802.253052
557525.000000 7134100.000000 0.000000 1802.302979
557550.000000 7134100.000000 0.000000 1802.383057
557575.000000 7134100.000000 0.000000 1802.493042
557600.000000 7134100.000000 0.000000 1802.512939
557625.000000 7134100.000000 0.000000 1802.552979
557650.000000 7134100.000000 0.000000 1802.572998
557675.000000 7134100.000000 0.000000 1802.583008
557700.000000 7134100.000000 0.000000 1802.642944
557725.000000 7134100.000000 0.000000 1802.593018
557750.000000 7134100.000000 0.000000 1802.633057
557775.000000 7134100.000000 0.000000 1802.682983
557800.000000 7134100.000000 0.000000 1802.692993
556600.000000 7134200.000000 0.000000 1802.422974
556625.000000 7134200.000000 0.000000 1802.463013
556650.000000 7134200.000000 0.000000 1802.422974
556675.000000 7134200.000000 0.000000 1802.412964
556700.000000 7134200.000000 0.000000 1802.373047
556725.000000 7134200.000000 0.000000 1802.422974
556750.000000 7134200.000000 0.000000 1802.442993
556775.000000 7134200.000000 0.000000 1802.432983
556800.000000 7134200.000000 0.000000 1802.512939
556825.000000 7134200.000000 0.000000 1802.473022
556850.000000 7134200.000000 0.000000 1802.402954
556875.000000 7134200.000000 0.000000 1802.333008
556900.000000 7134200.000000 0.000000 1802.392944
556925.000000 7134200.000000 0.000000 1802.333008
556950.000000 7134200.000000 0.000000 1802.292969
556975.000000 7134200.000000 0.000000 1802.343018
557000.000000 7134200.000000 0.000000 1802.322998
557025.000000 7134200.000000 0.000000 1802.292969
557050.000000 7134200.000000 0.000000 1802.272949
557075.000000 7134200.000000 0.000000 1802.262939
557100.000000 7134200.000000 0.000000 1802.172974
557125.000000 7134200.000000 0.000000 1802.032959
557150.000000 7134200.000000 0.000000 1802.062988
557175.000000 7134200.000000 0.000000 1801.843018
557200.000000 7134200.000000 0.000000 1801.692993
557225.000000 7134200.000000 0.000000 1801.572998
557250.000000 7134200.000000 0.000000 1801.613037
557275.000000 7134200.000000 0.000000 1801.733032
557325.000000 7134200.000000 0.000000 1802.083008
557350.000000 7134200.000000 0.000000 1802.152954
557375.000000 7134200.000000 0.000000 1802.233032
557400.000000 7134200.000000 0.000000 1802.282959
557425.000000 7134200.000000 0.000000 1802.322998
557450.000000 7134200.000000 0.000000 1802.162964
557475.000000 7134200.000000 0.000000 1802.253052
557500.000000 7134200.000000 0.000000 1802.333008
557525.000000 7134200.000000 0.000000 1802.392944
557550.000000 7134200.000000 0.000000 1802.442993
557575.000000 7134200.000000 0.000000 1802.463013
557600.000000 7134200.000000 0.000000 1802.453003
557625.000000 7134200.000000 0.000000 1802.503052
557650.000000 7134200.000000 0.000000 1802.503052
557675.000000 7134200.000000 0.000000 1802.542969
557700.000000 7134200.000000 0.000000 1802.583008
557725.000000 7134200.000000 0.000000 1802.603027
557750.000000 7134200.000000 0.000000 1802.662964
557775.000000 7134200.000000 0.000000 1802.662964
557800.000000 7134200.000000 0.000000 1802.672974
556400.000000 7134700.000000 0.000000 1802.932983
556425.000000 7134700.000000 0.000000 1802.932983
556450.000000 7134700.000000 0.000000 1802.963013
556475.000000 7134700.000000 0.000000 1802.912964
556500.000000 7134700.000000 0.000000 1803.052979
556525.000000 7134700.000000 0.000000 1802.993042
556550.000000 7134700.000000 0.000000 1802.883057
556575.000000 7134700.000000 0.000000 1802.883057
556600.000000 7134700.000000 0.000000 1802.963013
556625.000000 7134700.000000 0.000000 1802.853027
556650.000000 7134700.000000 0.000000 1802.853027
556675.000000 7134700.000000 0.000000 1802.843018
556700.000000 7134700.000000 0.000000 1802.843018
556725.000000 7134700.000000 0.000000 1802.883057
556750.000000 7134700.000000 0.000000 1802.873047
556775.000000 7134700.000000 0.000000 1802.713013
556800.000000 7134700.000000 0.000000 1802.753052
556825.000000 7134700.000000 0.000000 1802.843018
556850.000000 7134700.000000 0.000000 1802.762939
556875.000000 7134700.000000 0.000000 1802.843018
556900.000000 7134700.000000 0.000000 1802.723022
556925.000000 7134700.000000 0.000000 1802.812988
556950.000000 7134700.000000 0.000000 1802.843018
556975.000000 7134700.000000 0.000000 1802.762939
557000.000000 7134700.000000 0.000000 1802.932983
556400.000000 7134800.000000 0.000000 1802.863037
556425.000000 7134800.000000 0.000000 1802.932983
556450.000000 7134800.000000 0.000000 1802.922974
556475.000000 7134800.000000 0.000000 1802.892944
556500.000000 7134800.000000 0.000000 1802.963013
556525.000000 7134800.000000 0.000000 1802.963013
556550.000000 7134800.000000 0.000000 1803.003052
556575.000000 7134800.000000 0.000000 1803.042969
556600.000000 7134800.000000 0.000000 1803.022949
556625.000000 7134800.000000 0.000000 1803.003052
556650.000000 7134800.000000 0.000000 1802.912964
556675.000000 7134800.000000 0.000000 1803.032959
556700.000000 7134800.000000 0.000000 1802.932983
556725.000000 7134800.000000 0.000000 1802.932983
556750.000000 7134800.000000 0.000000 1802.802979
556775.000000 7134800.000000 0.000000 1802.762939
556800.000000 7134800.000000 0.000000 1802.812988
556825.000000 7134800.000000 0.000000 1802.792969
556850.000000 7134800.000000 0.000000 1802.863037
556875.000000 7134800.000000 0.000000 1802.902954
556900.000000 7134800.000000 0.000000 1802.963013
556925.000000 7134800.000000 0.000000 1802.963013
556950.000000 7134800.000000 0.000000 1803.032959
556975.000000 7134800.000000 0.000000 1803.062988
557000.000000 7134800.000000 0.000000 1803.062988
556400.000000 7134900.000000 0.000000 1803.003052
556425.000000 7134900.000000 0.000000 1802.993042
556450.000000 7134900.000000 0.000000 1803.003052
556475.000000 7134900.000000 0.000000 1803.062988
556500.000000 7134900.000000 0.000000 1803.022949
556525.000000 7134900.000000 0.000000 1803.142944
556550.000000 7134900.000000 0.000000 1803.113037
556575.000000 7134900.000000 0.000000 1803.012939
556600.000000 7134900.000000 0.000000 1803.022949
556625.000000 7134900.000000 0.000000 1803.042969
556650.000000 7134900.000000 0.000000 1803.103027
556675.000000 7134900.000000 0.000000 1803.012939
556700.000000 7134900.000000 0.000000 1802.983032
556725.000000 7134900.000000 0.000000 1802.892944
556750.000000 7134900.000000 0.000000 1802.993042
556775.000000 7134900.000000 0.000000 1802.973022
556800.000000 7134900.000000 0.000000 1802.983032
556825.000000 7134900.000000 0.000000 1802.963013
556850.000000 7134900.000000 0.000000 1803.072998
556875.000000 7134900.000000 0.000000 1803.083008
556900.000000 7134900.000000 0.000000 1802.983032
556925.000000 7134900.000000 0.000000 1803.062988
556950.000000 7134900.000000 0.000000 1803.083008
556975.000000 7134900.000000 0.000000 1803.152954
557000.000000 7134900.000000 0.000000 1803.162964
